0	0
1e-06	0.00043775
1.0139e-06	0.00044234
1.028e-06	0.00044697
1.0423e-06	0.00045163
1.0568e-06	0.00045633
1.0716e-06	0.00046106
1.0865e-06	0.00046583
1.1016e-06	0.00047063
1.1169e-06	0.00047547
1.1325e-06	0.00048034
1.1482e-06	0.00048525
1.1642e-06	0.0004902
1.1804e-06	0.00049518
1.1968e-06	0.0005002
1.2135e-06	0.00050526
1.2304e-06	0.00051035
1.2475e-06	0.00051547
1.2649e-06	0.00052063
1.2825e-06	0.00052583
1.3003e-06	0.00053106
1.3184e-06	0.00053633
1.3368e-06	0.00054164
1.3554e-06	0.00054698
1.3743e-06	0.00055236
1.3934e-06	0.00055777
1.4128e-06	0.00056322
1.4324e-06	0.00056871
1.4524e-06	0.00057423
1.4726e-06	0.00057979
1.4931e-06	0.00058538
1.5139e-06	0.00059101
1.5349e-06	0.00059667
1.5563e-06	0.00060237
1.578e-06	0.00060811
1.5999e-06	0.00061388
1.6222e-06	0.00061969
1.6448e-06	0.00062553
1.6677e-06	0.00063141
1.6909e-06	0.00063733
1.7144e-06	0.00064328
1.7383e-06	0.00064926
1.7625e-06	0.00065528
1.787e-06	0.00066134
1.8119e-06	0.00066743
1.8371e-06	0.00067356
1.8627e-06	0.00067972
1.8886e-06	0.00068592
1.9149e-06	0.00069215
1.9415e-06	0.00069842
1.9686e-06	0.00070472
1.996e-06	0.00071105
2.0237e-06	0.00071742
2.0519e-06	0.00072383
2.0805e-06	0.00073027
2.1094e-06	0.00073674
2.1388e-06	0.00074325
2.1685e-06	0.00074979
2.1987e-06	0.00075637
2.2293e-06	0.00076298
2.2604e-06	0.00076963
2.2918e-06	0.0007763
2.3237e-06	0.00078301
2.3561e-06	0.00078976
2.3889e-06	0.00079654
2.4221e-06	0.00080335
2.4558e-06	0.0008102
2.49e-06	0.00081707
2.5246e-06	0.00082398
2.5598e-06	0.00083093
2.5954e-06	0.0008379
2.6315e-06	0.00084491
2.6682e-06	0.00085195
2.7053e-06	0.00085903
2.743e-06	0.00086613
2.7811e-06	0.00087327
2.8198e-06	0.00088044
2.8591e-06	0.00088764
2.8989e-06	0.00089487
2.9392e-06	0.00090213
2.9801e-06	0.00090943
3.0216e-06	0.00091675
3.0637e-06	0.00092411
3.1063e-06	0.0009315
3.1496e-06	0.00093892
3.1934e-06	0.00094636
3.2378e-06	0.00095384
3.2829e-06	0.00096135
3.3286e-06	0.00096889
3.3749e-06	0.00097646
3.4219e-06	0.00098406
3.4695e-06	0.00099169
3.5178e-06	0.00099934
3.5668e-06	0.001007
3.6164e-06	0.0010147
3.6668e-06	0.0010225
3.7178e-06	0.0010303
3.7695e-06	0.0010381
3.822e-06	0.0010459
3.8752e-06	0.0010537
3.9291e-06	0.0010616
3.9838e-06	0.0010695
4.0393e-06	0.0010775
4.0955e-06	0.0010855
4.1525e-06	0.0010935
4.2103e-06	0.0011015
4.2689e-06	0.0011095
4.3283e-06	0.0011176
4.3886e-06	0.0011257
4.4496e-06	0.0011338
4.5116e-06	0.001142
4.5744e-06	0.0011502
4.638e-06	0.0011584
4.7026e-06	0.0011666
4.768e-06	0.0011749
4.8344e-06	0.0011831
4.9017e-06	0.0011915
4.9699e-06	0.0011998
5.0391e-06	0.0012081
5.1092e-06	0.0012165
5.1803e-06	0.0012249
5.2524e-06	0.0012334
5.3255e-06	0.0012418
5.3997e-06	0.0012503
5.4748e-06	0.0012588
5.551e-06	0.0012673
5.6283e-06	0.0012759
5.7066e-06	0.0012844
5.786e-06	0.001293
5.8666e-06	0.0013017
5.9482e-06	0.0013103
6.031e-06	0.001319
6.115e-06	0.0013276
6.2001e-06	0.0013364
6.2864e-06	0.0013451
6.3739e-06	0.0013538
6.4626e-06	0.0013626
6.5525e-06	0.0013714
6.6437e-06	0.0013802
6.7362e-06	0.001389
6.8299e-06	0.0013979
6.925e-06	0.0014068
7.0214e-06	0.0014157
7.1191e-06	0.0014246
7.2182e-06	0.0014335
7.3187e-06	0.0014425
7.4205e-06	0.0014515
7.5238e-06	0.0014605
7.6285e-06	0.0014695
7.7347e-06	0.0014785
7.8424e-06	0.0014876
7.9515e-06	0.0014966
8.0622e-06	0.0015057
8.1744e-06	0.0015148
8.2882e-06	0.001524
8.4035e-06	0.0015331
8.5205e-06	0.0015423
8.6391e-06	0.0015514
8.7593e-06	0.0015606
8.8813e-06	0.0015699
9.0049e-06	0.0015791
9.1302e-06	0.0015883
9.2573e-06	0.0015976
9.3861e-06	0.0016069
9.5168e-06	0.0016162
9.6492e-06	0.0016255
9.7835e-06	0.0016349
9.9197e-06	0.0016442
1.0058e-05	0.0016536
1.0198e-05	0.001663
1.034e-05	0.0016723
1.0484e-05	0.0016818
1.063e-05	0.0016912
1.0777e-05	0.0017006
1.0927e-05	0.0017101
1.108e-05	0.0017196
1.1234e-05	0.0017291
1.139e-05	0.0017386
1.1549e-05	0.0017481
1.1709e-05	0.0017576
1.1872e-05	0.0017672
1.2038e-05	0.0017767
1.2205e-05	0.0017863
1.2375e-05	0.0017959
1.2547e-05	0.0018055
1.2722e-05	0.0018151
1.2899e-05	0.0018247
1.3079e-05	0.0018344
1.3261e-05	0.001844
1.3445e-05	0.0018537
1.3632e-05	0.0018634
1.3822e-05	0.0018731
1.4014e-05	0.0018828
1.4209e-05	0.0018925
1.4407e-05	0.0019022
1.4608e-05	0.001912
1.4811e-05	0.0019217
1.5017e-05	0.0019315
1.5226e-05	0.0019413
1.5438e-05	0.0019511
1.5653e-05	0.0019609
1.5871e-05	0.0019707
1.6092e-05	0.0019805
1.6316e-05	0.0019903
1.6543e-05	0.0020002
1.6773e-05	0.00201
1.7007e-05	0.0020199
1.7243e-05	0.0020298
1.7483e-05	0.0020397
1.7727e-05	0.0020496
1.7973e-05	0.0020595
1.8223e-05	0.0020694
1.8477e-05	0.0020793
1.8734e-05	0.0020893
1.8995e-05	0.0020992
1.9259e-05	0.0021092
1.9527e-05	0.0021192
1.9799e-05	0.0021291
2.0075e-05	0.0021391
2.0354e-05	0.0021491
2.0638e-05	0.0021591
2.0925e-05	0.0021691
2.1216e-05	0.0021792
2.1511e-05	0.0021892
2.1811e-05	0.0021992
2.2114e-05	0.0022093
2.2422e-05	0.0022194
2.2734e-05	0.0022294
2.3051e-05	0.0022395
2.3371e-05	0.0022496
2.3697e-05	0.0022597
2.4026e-05	0.0022698
2.4361e-05	0.0022799
2.47e-05	0.00229
2.5044e-05	0.0023001
2.5392e-05	0.0023103
2.5746e-05	0.0023204
2.6104e-05	0.0023306
2.6467e-05	0.0023407
2.6836e-05	0.0023509
2.7209e-05	0.0023611
2.7588e-05	0.0023712
2.7972e-05	0.0023814
2.8361e-05	0.0023916
2.8756e-05	0.0024018
2.9156e-05	0.002412
2.9562e-05	0.0024222
2.9974e-05	0.0024324
3.0391e-05	0.0024427
3.0814e-05	0.0024529
3.1243e-05	0.0024631
3.1677e-05	0.0024734
3.2118e-05	0.0024836
3.2565e-05	0.0024939
3.3019e-05	0.0025042
3.3478e-05	0.0025144
3.3944e-05	0.0025247
3.4417e-05	0.002535
3.4896e-05	0.0025453
3.5381e-05	0.0025556
3.5874e-05	0.0025659
3.6373e-05	0.0025762
3.6879e-05	0.0025865
3.7393e-05	0.0025968
3.7913e-05	0.0026072
3.8441e-05	0.0026175
3.8976e-05	0.0026278
3.9518e-05	0.0026382
4.0068e-05	0.0026485
4.0626e-05	0.0026589
4.1191e-05	0.0026692
4.1765e-05	0.0026796
4.2346e-05	0.0026899
4.2935e-05	0.0027003
4.3533e-05	0.0027107
4.4139e-05	0.0027211
4.4753e-05	0.0027314
4.5376e-05	0.0027418
4.6008e-05	0.0027522
4.6648e-05	0.0027626
4.7297e-05	0.002773
4.7956e-05	0.0027834
4.8623e-05	0.0027939
4.93e-05	0.0028043
4.9986e-05	0.0028147
5.0682e-05	0.0028251
5.1387e-05	0.0028356
5.2102e-05	0.002846
5.2828e-05	0.0028564
5.3563e-05	0.0028669
5.4308e-05	0.0028773
5.5064e-05	0.0028878
5.5831e-05	0.0028982
5.6608e-05	0.0029087
5.7396e-05	0.0029192
5.8195e-05	0.0029296
5.9005e-05	0.0029401
5.9826e-05	0.0029506
6.0658e-05	0.002961
6.1503e-05	0.0029715
6.2359e-05	0.002982
6.3227e-05	0.0029925
6.4107e-05	0.003003
6.4999e-05	0.0030135
6.5904e-05	0.003024
6.6821e-05	0.0030345
6.7751e-05	0.003045
6.8694e-05	0.0030555
6.965e-05	0.003066
7.0619e-05	0.0030766
7.1602e-05	0.0030871
7.2599e-05	0.0030976
7.3609e-05	0.0031081
7.4634e-05	0.0031187
7.5673e-05	0.0031292
7.6726e-05	0.0031397
7.7794e-05	0.0031503
7.8877e-05	0.0031608
7.9974e-05	0.0031714
8.1088e-05	0.0031819
8.2216e-05	0.0031925
8.3361e-05	0.003203
8.4521e-05	0.0032136
8.5697e-05	0.0032241
8.689e-05	0.0032347
8.8099e-05	0.0032453
8.9326e-05	0.0032558
9.0569e-05	0.0032664
9.1829e-05	0.003277
9.3107e-05	0.0032876
9.4403e-05	0.0032981
9.5717e-05	0.0033087
9.705e-05	0.0033193
9.84e-05	0.0033299
9.977e-05	0.0033405
0.00010116	0.0033511
0.00010257	0.0033617
0.00010399	0.0033723
0.00010544	0.0033829
0.00010691	0.0033935
0.0001084	0.0034041
0.00010991	0.0034147
0.00011144	0.0034253
0.00011299	0.0034359
0.00011456	0.0034466
0.00011615	0.0034572
0.00011777	0.0034678
0.00011941	0.0034784
0.00012107	0.003489
0.00012276	0.0034997
0.00012447	0.0035103
0.0001262	0.0035209
0.00012795	0.0035316
0.00012973	0.0035422
0.00013154	0.0035528
0.00013337	0.0035635
0.00013523	0.0035741
0.00013711	0.0035848
0.00013902	0.0035954
0.00014095	0.0036061
0.00014291	0.0036167
0.0001449	0.0036274
0.00014692	0.003638
0.00014897	0.0036487
0.00015104	0.0036594
0.00015314	0.00367
0.00015527	0.0036807
0.00015743	0.0036914
0.00015963	0.003702
0.00016185	0.0037127
0.0001641	0.0037234
0.00016638	0.0037341
0.0001687	0.0037447
0.00017105	0.0037554
0.00017343	0.0037661
0.00017584	0.0037768
0.00017829	0.0037875
0.00018077	0.0037982
0.00018329	0.0038088
0.00018584	0.0038195
0.00018842	0.0038302
0.00019105	0.0038409
0.00019371	0.0038516
0.0001964	0.0038623
0.00019914	0.003873
0.00020191	0.0038837
0.00020472	0.0038944
0.00020757	0.0039052
0.00021046	0.0039159
0.00021339	0.0039266
0.00021636	0.0039373
0.00021937	0.003948
0.00022242	0.0039587
0.00022552	0.0039694
0.00022865	0.0039802
0.00023184	0.0039909
0.00023506	0.0040016
0.00023834	0.0040123
0.00024165	0.0040231
0.00024502	0.0040338
0.00024843	0.0040445
0.00025188	0.0040553
0.00025539	0.004066
0.00025894	0.0040768
0.00026255	0.0040875
0.0002662	0.0040982
0.00026991	0.004109
0.00027366	0.0041197
0.00027747	0.0041305
0.00028134	0.0041412
0.00028525	0.004152
0.00028922	0.0041628
0.00029325	0.0041735
0.00029733	0.0041843
0.00030147	0.004195
0.00030566	0.0042058
0.00030992	0.0042166
0.00031423	0.0042273
0.0003186	0.0042381
0.00032304	0.0042489
0.00032753	0.0042597
0.00033209	0.0042704
0.00033672	0.0042812
0.0003414	0.004292
0.00034615	0.0043028
0.00035097	0.0043136
0.00035586	0.0043243
0.00036081	0.0043351
0.00036583	0.0043459
0.00037092	0.0043567
0.00037609	0.0043675
0.00038132	0.0043783
0.00038663	0.0043891
0.00039201	0.0043999
0.00039747	0.0044107
0.000403	0.0044215
0.00040861	0.0044323
0.00041429	0.0044432
0.00042006	0.004454
0.00042591	0.0044648
0.00043183	0.0044756
0.00043785	0.0044864
0.00044394	0.0044973
0.00045012	0.0045081
0.00045638	0.0045189
0.00046274	0.0045297
0.00046918	0.0045406
0.00047571	0.0045514
0.00048233	0.0045623
0.00048904	0.0045731
0.00049585	0.0045839
0.00050275	0.0045948
0.00050975	0.0046056
0.00051684	0.0046165
0.00052403	0.0046274
0.00053133	0.0046382
0.00053872	0.0046491
0.00054622	0.0046599
0.00055382	0.0046708
0.00056153	0.0046817
0.00056935	0.0046925
0.00057727	0.0047034
0.00058531	0.0047143
0.00059345	0.0047252
0.00060171	0.0047361
0.00061009	0.0047469
0.00061858	0.0047578
0.00062719	0.0047687
0.00063592	0.0047796
0.00064477	0.0047905
0.00065374	0.0048014
0.00066284	0.0048123
0.00067207	0.0048232
0.00068142	0.0048342
0.00069091	0.0048451
0.00070052	0.004856
0.00071027	0.0048669
0.00072016	0.0048778
0.00073018	0.0048888
0.00074035	0.0048997
0.00075065	0.0049106
0.0007611	0.0049216
0.00077169	0.0049325
0.00078243	0.0049435
0.00079332	0.0049544
0.00080436	0.0049654
0.00081556	0.0049763
0.00082691	0.0049873
0.00083842	0.0049982
0.00085009	0.0050092
0.00086192	0.0050202
0.00087392	0.0050312
0.00088608	0.0050422
0.00089841	0.0050531
0.00091092	0.0050641
0.0009236	0.0050751
0.00093645	0.0050861
0.00094949	0.0050971
0.0009627	0.0051081
0.0009761	0.0051191
0.00098969	0.0051302
0.0010035	0.0051412
0.0010174	0.0051522
0.0010316	0.0051632
0.0010459	0.0051743
0.0010605	0.0051853
0.0010753	0.0051963
0.0010902	0.0052074
0.0011054	0.0052184
0.0011208	0.0052295
0.0011364	0.0052406
0.0011522	0.0052516
0.0011682	0.0052627
0.0011845	0.0052738
0.001201	0.0052849
0.0012177	0.005296
0.0012347	0.0053071
0.0012518	0.0053182
0.0012693	0.0053293
0.0012869	0.0053404
0.0013048	0.0053515
0.001323	0.0053626
0.0013414	0.0053737
0.0013601	0.0053849
0.001379	0.005396
0.0013982	0.0054072
0.0014177	0.0054183
0.0014374	0.0054295
0.0014574	0.0054406
0.0014777	0.0054518
0.0014983	0.005463
0.0015191	0.0054742
0.0015403	0.0054854
0.0015617	0.0054966
0.0015834	0.0055078
0.0016055	0.005519
0.0016278	0.0055302
0.0016505	0.0055414
0.0016734	0.0055527
0.0016967	0.0055639
0.0017204	0.0055751
0.0017443	0.0055864
0.0017686	0.0055977
0.0017932	0.0056089
0.0018182	0.0056202
0.0018435	0.0056315
0.0018691	0.0056428
0.0018951	0.0056541
0.0019215	0.0056654
0.0019483	0.0056767
0.0019754	0.005688
0.0020029	0.0056994
0.0020307	0.0057107
0.002059	0.0057221
0.0020877	0.0057334
0.0021167	0.0057448
0.0021462	0.0057562
0.002176	0.0057676
0.0022063	0.005779
0.002237	0.0057904
0.0022682	0.0058018
0.0022998	0.0058132
0.0023318	0.0058246
0.0023642	0.0058361
0.0023971	0.0058475
0.0024305	0.005859
0.0024643	0.0058705
0.0024986	0.005882
0.0025334	0.0058934
0.0025686	0.005905
0.0026044	0.0059165
0.0026407	0.005928
0.0026774	0.0059395
0.0027147	0.0059511
0.0027525	0.0059626
0.0027908	0.0059742
0.0028296	0.0059858
0.002869	0.0059974
0.0029089	0.006009
0.0029494	0.0060206
0.0029905	0.0060323
0.0030321	0.0060439
0.0030743	0.0060556
0.0031171	0.0060672
0.0031605	0.0060789
0.0032044	0.0060906
0.003249	0.0061023
0.0032943	0.006114
0.0033401	0.0061258
0.0033866	0.0061375
0.0034337	0.0061493
0.0034815	0.0061611
0.00353	0.0061729
0.0035791	0.0061847
0.0036289	0.0061965
0.0036794	0.0062083
0.0037307	0.0062202
0.0037826	0.006232
0.0038352	0.0062439
0.0038886	0.0062558
0.0039427	0.0062677
0.0039976	0.0062796
0.0040533	0.0062916
0.0041097	0.0063035
0.0041669	0.0063155
0.0042249	0.0063275
0.0042837	0.0063395
0.0043433	0.0063515
0.0044037	0.0063636
0.004465	0.0063757
0.0045272	0.0063877
0.0045902	0.0063998
0.0046541	0.0064119
0.0047189	0.0064241
0.0047845	0.0064362
0.0048511	0.0064484
0.0049187	0.0064606
0.0049871	0.0064728
0.0050565	0.006485
0.0051269	0.0064973
0.0051983	0.0065095
0.0052706	0.0065218
0.005344	0.0065341
0.0054183	0.0065465
0.0054938	0.0065588
0.0055702	0.0065712
0.0056478	0.0065836
0.0057264	0.006596
0.0058061	0.0066085
0.0058869	0.0066209
0.0059688	0.0066334
0.0060519	0.0066459
0.0061361	0.0066584
0.0062215	0.006671
0.0063081	0.0066836
0.0063959	0.0066962
0.0064849	0.0067088
0.0065752	0.0067214
0.0066667	0.0067341
0.0067595	0.0067468
0.0068536	0.0067595
0.006949	0.0067723
0.0070457	0.0067851
0.0071438	0.0067979
0.0072432	0.0068107
0.007344	0.0068235
0.0074462	0.0068364
0.0075499	0.0068493
0.0076549	0.0068623
0.0077615	0.0068753
0.0078695	0.0068882
0.007979	0.0069013
0.0080901	0.0069143
0.0082027	0.0069274
0.0083169	0.0069405
0.0084326	0.0069537
0.00855	0.0069668
0.008669	0.0069801
0.0087897	0.0069933
0.008912	0.0070066
0.009036	0.0070199
0.0091618	0.0070332
0.0092893	0.0070466
0.0094186	0.00706
0.0095497	0.0070734
0.0096826	0.0070869
0.0098174	0.0071004
0.009954	0.0071139
0.010093	0.0071275
0.010233	0.0071411
0.010375	0.0071548
0.01052	0.0071685
0.010666	0.0071822
0.010815	0.007196
0.010965	0.0072098
0.011118	0.0072236
0.011273	0.0072375
0.01143	0.0072513
0.011589	0.0072652
0.01175	0.0072792
0.011913	0.0072932
0.012079	0.0073073
0.012247	0.0073214
0.012418	0.0073356
0.012591	0.0073498
0.012766	0.007364
0.012944	0.0073783
0.013124	0.0073926
0.013306	0.0074069
0.013492	0.0074213
0.013679	0.0074357
0.01387	0.0074501
0.014063	0.0074647
0.014259	0.0074793
0.014457	0.007494
0.014658	0.0075087
0.014862	0.0075234
0.015069	0.0075382
0.015279	0.007553
0.015492	0.0075678
0.015707	0.0075827
0.015926	0.0075976
0.016147	0.0076126
0.016372	0.0076277
0.0166	0.0076428
0.016831	0.007658
0.017065	0.0076732
0.017303	0.0076885
0.017544	0.0077038
0.017788	0.0077192
0.018035	0.0077346
0.018287	0.00775
0.018541	0.0077655
0.018799	0.0077811
0.019061	0.0077968
0.019326	0.0078125
0.019595	0.0078283
0.019868	0.0078441
0.020144	0.00786
0.020425	0.0078759
0.020709	0.0078918
0.020997	0.0079078
0.021289	0.007924
0.021586	0.0079402
0.021886	0.0079565
0.022191	0.0079728
0.0225	0.0079891
0.022813	0.0080055
0.02313	0.008022
0.023452	0.0080385
0.023779	0.008055
0.02411	0.0080718
0.024445	0.0080886
0.024785	0.0081054
0.02513	0.0081223
0.02548	0.0081392
0.025835	0.0081562
0.026194	0.0081732
0.026559	0.0081903
0.026929	0.0082076
0.027303	0.0082249
0.027684	0.0082423
0.028069	0.0082597
0.028459	0.0082772
0.028856	0.0082947
0.029257	0.0083123
0.029664	0.00833
0.030077	0.0083479
0.030496	0.0083658
0.03092	0.0083837
0.031351	0.0084018
0.031787	0.0084198
0.03223	0.008438
0.032678	0.0084562
0.033133	0.0084745
0.033594	0.008493
0.034062	0.0085115
0.034536	0.0085301
0.035016	0.0085487
0.035504	0.0085674
0.035998	0.0085861
0.036499	0.0086051
0.037007	0.0086241
0.037522	0.0086432
0.038044	0.0086623
0.038574	0.0086815
0.039111	0.0087008
0.039655	0.0087202
0.040207	0.0087397
0.040767	0.0087593
0.041334	0.008779
0.041909	0.0087987
0.042493	0.0088186
0.043084	0.0088384
0.043684	0.0088585
0.044292	0.0088786
0.044908	0.0088989
0.045533	0.0089191
0.046167	0.0089395
0.04681	0.0089599
0.047461	0.0089805
0.048122	0.0090012
0.048792	0.009022
0.049471	0.0090429
0.050159	0.0090638
0.050857	0.0090848
0.051565	0.009106
0.052283	0.0091273
0.053011	0.0091487
0.053748	0.0091701
0.054496	0.0091916
0.055255	0.0092132
0.056024	0.009235
0.056804	0.0092569
0.057594	0.0092789
0.058396	0.0093009
0.059209	0.009323
0.060033	0.0093453
0.060868	0.0093677
0.061716	0.0093902
0.062575	0.0094128
0.063446	0.0094354
0.064329	0.0094582
0.065224	0.0094811
0.066132	0.0095042
0.067052	0.0095273
0.067985	0.0095505
0.068932	0.0095738
0.069891	0.0095973
0.070864	0.0096208
0.07185	0.0096445
0.07285	0.0096682
0.073864	0.0096921
0.074892	0.0097162
0.075935	0.0097403
0.076992	0.0097645
0.078063	0.0097888
0.07915	0.0098133
0.080251	0.0098379
0.081368	0.0098626
0.082501	0.0098874
0.083649	0.0099123
0.084813	0.0099374
0.085994	0.0099626
0.087191	0.0099878
0.088404	0.010013
0.089635	0.010039
0.090882	0.010064
0.092147	0.01009
0.09343	0.010116
0.09473	0.010142
0.096049	0.010168
0.097385	0.010194
0.098741	0.010221
0.10012	0.010247
0.10151	0.010274
0.10292	0.010301
0.10435	0.010328
0.10581	0.010354
0.10728	0.010382
0.10877	0.010409
0.11029	0.010436
0.11182	0.010464
0.11338	0.010491
0.11496	0.010519
0.11656	0.010547
0.11818	0.010575
0.11982	0.010603
0.12149	0.010631
0.12318	0.01066
0.1249	0.010688
0.12663	0.010717
0.1284	0.010746
0.13018	0.010775
0.132	0.010804
0.13383	0.010833
0.1357	0.010862
0.13758	0.010892
0.1395	0.010921
0.14144	0.010951
0.14341	0.010981
0.14541	0.011011
0.14743	0.011041
0.14948	0.011071
0.15156	0.011101
0.15367	0.011132
0.15581	0.011162
0.15798	0.011193
0.16018	0.011224
0.16241	0.011255
0.16467	0.011286
0.16696	0.011318
0.16928	0.011349
0.17164	0.011381
0.17403	0.011412
0.17645	0.011444
0.17891	0.011476
0.1814	0.011508
0.18392	0.01154
0.18648	0.011573
0.18908	0.011605
0.19171	0.011638
0.19438	0.011671
0.19708	0.011704
0.19983	0.011737
0.20261	0.01177
0.20543	0.011803
0.20829	0.011837
0.21118	0.01187
0.21412	0.011904
0.2171	0.011938
0.22013	0.011972
0.22319	0.012006
0.2263	0.01204
0.22945	0.012074
0.23264	0.012109
0.23588	0.012144
0.23916	0.012178
0.24249	0.012213
0.24586	0.012248
0.24929	0.012283
0.25276	0.012319
0.25627	0.012354
0.25984	0.01239
0.26346	0.012426
0.26712	0.012461
0.27084	0.012497
0.27461	0.012533
0.27843	0.01257
0.28231	0.012606
0.28624	0.012642
0.29022	0.012679
0.29426	0.012716
0.29836	0.012753
0.30251	0.01279
0.30672	0.012827
0.31099	0.012864
0.31532	0.012902
0.31971	0.012939
0.32416	0.012977
0.32867	0.013014
0.33324	0.013052
0.33788	0.01309
0.34258	0.013128
0.34735	0.013167
0.35219	0.013205
0.35709	0.013244
0.36206	0.013282
0.3671	0.013321
0.37221	0.01336
0.37739	0.013399
0.38264	0.013438
0.38797	0.013477
0.39337	0.013517
0.39884	0.013556
0.40439	0.013596
0.41002	0.013635
0.41573	0.013675
0.42151	0.013715
0.42738	0.013755
0.43333	0.013795
0.43936	0.013836
0.44548	0.013876
0.45168	0.013916
0.45796	0.013957
0.46434	0.013998
0.4708	0.014039
0.47735	0.01408
0.484	0.014121
0.49073	0.014162
0.49756	0.014203
0.50449	0.014244
0.51151	0.014286
0.51863	0.014328
0.52585	0.014369
0.53317	0.014411
0.54059	0.014453
0.54811	0.014495
0.55574	0.014537
0.56348	0.014579
0.57132	0.014622
0.57927	0.014664
0.58733	0.014706
0.59551	0.014749
0.6038	0.014792
0.6122	0.014835
0.62072	0.014877
0.62936	0.014921
0.63812	0.014964
0.647	0.015007
0.65601	0.01505
0.66514	0.015093
0.6744	0.015137
0.68378	0.01518
0.6933	0.015224
0.70295	0.015268
0.71273	0.015312
0.72265	0.015356
0.73271	0.0154
0.74291	0.015444
0.75325	0.015488
0.76373	0.015532
0.77436	0.015576
0.78514	0.015621
0.79607	0.015665
0.80715	0.01571
0.81838	0.015755
0.82977	0.015799
0.84132	0.015844
0.85303	0.015889
0.86491	0.015934
0.87694	0.015979
0.88915	0.016025
0.90152	0.01607
0.91407	0.016115
0.92679	0.016161
0.93969	0.016206
0.95277	0.016252
0.96603	0.016297
0.97948	0.016343
0.99311	0.016389
1.0069	0.016434
1.021	0.01648
1.0352	0.016525
1.0496	0.016571
1.0642	0.016617
1.079	0.016663
1.094	0.016709
1.1092	0.016756
1.1247	0.016802
1.1403	0.016849
1.1562	0.016896
1.1723	0.016943
1.1886	0.016991
1.2051	0.017037
1.2219	0.017083
1.2389	0.01713
1.2562	0.017177
1.2737	0.017223
1.2914	0.017271
1.3094	0.017318
1.3276	0.017365
1.3461	0.017413
1.3648	0.017461
1.3838	0.017509
1.4031	0.017557
1.4226	0.017604
1.4424	0.017651
1.4625	0.017698
1.4828	0.017746
1.5034	0.017794
1.5244	0.017842
1.5456	0.01789
1.5671	0.017939
1.5889	0.017987
1.611	0.018036
1.6335	0.018084
1.6562	0.018132
1.6792	0.01818
1.7026	0.018228
1.7263	0.018277
1.7503	0.018325
1.7747	0.018374
1.7994	0.018423
1.8244	0.018473
1.8498	0.018522
1.8756	0.01857
1.9017	0.018619
1.9282	0.018668
1.955	0.018717
1.9822	0.018766
2.0098	0.018815
2.0378	0.018865
2.0661	0.018915
2.0949	0.018965
2.124	0.019014
2.1536	0.019063
2.1836	0.019113
2.214	0.019162
2.2448	0.019212
2.276	0.019262
2.3077	0.019312
2.3398	0.019363
2.3724	0.019413
2.4054	0.019463
2.4389	0.019513
2.4728	0.019563
2.5073	0.019613
2.5422	0.019664
2.5775	0.019714
2.6134	0.019765
2.6498	0.019816
2.6867	0.019867
2.7241	0.019917
2.762	0.019968
2.8004	0.020019
2.8394	0.02007
2.8789	0.020121
2.919	0.020173
2.9596	0.020224
3.0008	0.020275
3.0426	0.020326
3.0849	0.020377
3.1279	0.020429
3.1714	0.020481
3.2155	0.020533
3.2603	0.020585
3.3057	0.020636
3.3517	0.020688
3.3983	0.02074
3.4456	0.020792
3.4936	0.020844
3.5422	0.020896
3.5915	0.020949
3.6415	0.021001
3.6922	0.021053
3.7436	0.021105
3.7957	0.021158
3.8485	0.021211
3.9021	0.021264
3.9564	0.021317
4.0115	0.021369
4.0673	0.021422
4.1239	0.021475
4.1813	0.021528
4.2395	0.021581
4.2985	0.021635
4.3583	0.021688
4.419	0.021741
4.4805	0.021795
4.5429	0.021848
4.6061	0.021902
4.6702	0.021956
4.7352	0.02201
4.8011	0.022064
4.8679	0.022118
4.9357	0.022172
5.0044	0.022226
5.074	0.022281
5.1446	0.022335
5.2163	0.022389
5.2889	0.022444
5.3625	0.022498
5.4371	0.022553
5.5128	0.022608
5.5895	0.022663
5.6673	0.022718
5.7462	0.022773
5.8262	0.022828
5.9073	0.022884
5.9895	0.022939
6.0728	0.022994
6.1574	0.023049
6.2431	0.023105
6.33	0.023161
6.4181	0.023217
6.5074	0.023272
6.598	0.023328
6.6898	0.023384
6.7829	0.023441
6.8773	0.023497
6.973	0.023553
7.0701	0.023609
7.1685	0.023666
7.2683	0.023722
7.3694	0.023779
7.472	0.023836
7.576	0.023892
7.6814	0.023949
7.7884	0.024007
7.8968	0.024064
8.0067	0.024121
8.1181	0.024178
8.2311	0.024235
8.3457	0.024293
8.4618	0.02435
8.5796	0.024408
8.699	0.024466
8.8201	0.024524
8.9428	0.024582
9.0673	0.02464
9.1935	0.024698
9.3215	0.024756
9.4512	0.024814
9.5828	0.024872
9.7161	0.024931
9.8514	0.024989
9.9885	0.025048
10.128	0.025107
10.268	0.025166
10.411	0.025225
10.556	0.025284
10.703	0.025343
10.852	0.025402
11.003	0.025461
11.156	0.025521
11.312	0.02558
11.469	0.025639
11.629	0.025699
11.791	0.025759
11.955	0.025819
12.121	0.025879
12.29	0.025939
12.461	0.025999
12.634	0.026059
12.81	0.026119
12.988	0.02618
13.169	0.02624
13.353	0.0263
13.538	0.026361
13.727	0.026422
13.918	0.026483
14.112	0.026543
14.308	0.026605
14.507	0.026666
14.709	0.026727
14.914	0.026788
15.121	0.026849
15.332	0.026911
15.545	0.026972
15.762	0.027034
15.981	0.027095
16.203	0.027157
16.429	0.027219
16.658	0.027281
16.889	0.027343
17.124	0.027405
17.363	0.027467
17.604	0.027529
17.849	0.027592
18.098	0.027654
18.35	0.027717
18.605	0.027779
18.864	0.027842
19.127	0.027905
19.393	0.027968
19.663	0.028031
19.937	0.028094
20.214	0.028157
20.495	0.02822
20.781	0.028283
21.07	0.028347
21.363	0.02841
21.66	0.028474
21.962	0.028537
22.268	0.028601
22.578	0.028664
22.892	0.028728
23.21	0.028792
23.533	0.028856
23.861	0.02892
24.193	0.028984
24.53	0.029048
24.871	0.029112
25.217	0.029177
25.568	0.029241
25.924	0.029306
26.285	0.029371
26.651	0.029435
27.022	0.0295
27.398	0.029565
27.779	0.02963
28.166	0.029695
28.558	0.02976
28.955	0.029825
29.359	0.02989
29.767	0.029955
30.181	0.030021
30.602	0.030086
31.027	0.030152
31.459	0.030217
31.897	0.030283
32.341	0.030348
32.791	0.030414
33.248	0.030479
33.71	0.030545
34.18	0.030611
34.655	0.030677
35.138	0.030743
35.627	0.030809
36.123	0.030876
36.625	0.030942
37.135	0.031008
37.652	0.031075
38.176	0.031141
38.707	0.031207
39.246	0.031274
39.792	0.031341
40.346	0.031408
40.908	0.031474
41.477	0.031541
42.054	0.031608
42.64	0.031675
43.233	0.031742
43.835	0.031809
44.445	0.031877
45.064	0.031943
45.691	0.03201
46.327	0.032078
46.972	0.032145
47.625	0.032213
48.288	0.03228
48.96	0.032347
49.642	0.032415
50.333	0.032483
51.033	0.032551
51.744	0.032618
52.464	0.032686
53.194	0.032754
53.934	0.032822
54.685	0.03289
55.446	0.032958
56.218	0.033026
57	0.033094
57.794	0.033163
58.598	0.033231
59.414	0.033299
60.241	0.033367
61.079	0.033436
61.929	0.033504
62.791	0.033572
63.665	0.033641
64.551	0.03371
65.45	0.033779
66.361	0.033847
67.284	0.033916
68.221	0.033985
69.17	0.034054
70.133	0.034123
71.109	0.034191
72.099	0.03426
73.102	0.03433
74.12	0.034399
75.152	0.034468
76.198	0.034537
77.258	0.034606
78.333	0.034676
79.424	0.034745
80.529	0.034814
81.65	0.034883
82.786	0.034953
83.939	0.035022
85.107	0.035092
86.291	0.035162
87.493	0.035231
88.71	0.035301
89.945	0.035371
91.197	0.035441
92.466	0.03551
93.753	0.03558
95.058	0.03565
96.381	0.035719
97.723	0.035789
99.083	0.035859
100.46	0.035929
101.86	0.035998
103.28	0.036066
104.72	0.036135
106.17	0.036205
107.65	0.036275
109.15	0.036344
110.67	0.036415
112.21	0.036485
113.77	0.036556
115.35	0.036627
116.96	0.036699
118.59	0.03677
120.24	0.036842
121.91	0.036913
123.61	0.036982
125.33	0.037052
127.07	0.037121
128.84	0.037191
130.63	0.037262
132.45	0.037332
134.3	0.037403
136.17	0.037474
138.06	0.037546
139.98	0.037618
141.93	0.03769
143.91	0.037762
145.91	0.037832
147.94	0.037901
150	0.037972
152.09	0.038042
154.2	0.038113
156.35	0.038184
158.53	0.038255
160.73	0.038326
162.97	0.038398
165.24	0.03847
167.54	0.038543
169.87	0.038614
172.23	0.038684
174.63	0.038755
177.06	0.038825
179.53	0.038896
182.02	0.038967
184.56	0.039039
187.13	0.03911
189.73	0.039182
192.37	0.039255
195.05	0.039327
197.76	0.039398
200.52	0.039469
203.31	0.03954
206.14	0.039611
209.01	0.039682
211.92	0.039754
214.87	0.039826
217.86	0.039898
220.89	0.03997
223.96	0.040043
227.08	0.040115
230.24	0.040185
233.44	0.040256
236.69	0.040328
239.99	0.040399
243.33	0.040471
246.72	0.040544
250.15	0.040616
253.63	0.040689
257.16	0.040761
260.74	0.040832
264.37	0.040903
268.05	0.040975
271.78	0.041047
275.56	0.041119
279.4	0.041191
283.29	0.041264
287.23	0.041337
291.23	0.041409
295.28	0.04148
299.39	0.041551
303.56	0.041623
307.78	0.041695
312.07	0.041768
316.41	0.04184
320.81	0.041913
325.28	0.041986
329.81	0.042057
334.4	0.042128
339.05	0.0422
343.77	0.042272
348.55	0.042345
353.41	0.042417
358.33	0.04249
363.31	0.042563
368.37	0.042634
373.5	0.042706
378.69	0.042778
383.97	0.042851
389.31	0.042924
394.73	0.042997
400.22	0.04307
405.79	0.043141
411.44	0.043213
417.17	0.043285
422.97	0.043358
428.86	0.04343
434.83	0.043503
440.88	0.043576
447.02	0.043648
453.24	0.04372
459.55	0.043792
465.94	0.043865
472.43	0.043937
479.01	0.044011
485.67	0.044083
492.43	0.044155
499.29	0.044227
506.24	0.0443
513.28	0.044372
520.43	0.044445
527.67	0.044519
535.01	0.044591
542.46	0.044663
550.01	0.044735
557.66	0.044808
565.43	0.044881
573.3	0.044954
581.28	0.045026
589.37	0.045099
597.57	0.045171
605.89	0.045244
614.32	0.045317
622.87	0.04539
631.54	0.045462
640.33	0.045535
649.24	0.045607
658.28	0.04568
667.44	0.045753
676.73	0.045827
686.15	0.045899
695.7	0.045971
705.38	0.046044
715.2	0.046117
725.15	0.04619
735.25	0.046263
745.48	0.046335
755.86	0.046408
766.38	0.046481
777.04	0.046554
787.86	0.046627
798.82	0.046699
809.94	0.046771
821.22	0.046844
832.65	0.046917
844.23	0.04699
855.99	0.047063
867.9	0.047135
879.98	0.047208
892.23	0.047282
904.65	0.047355
917.24	0.047427
930	0.047499
942.95	0.047572
956.07	0.047645
969.38	0.047718
982.87	0.04779
996.55	0.047863
1010.4	0.047936
1024.5	0.04801
1038.7	0.048082
1053.2	0.048155
1067.9	0.048228
1082.7	0.048301
1097.8	0.048374
1113.1	0.048447
1128.6	0.048519
1144.3	0.048593
1160.2	0.048666
1176.3	0.048738
1192.7	0.048811
1209.3	0.048884
1226.2	0.048957
1243.2	0.04903
1260.5	0.049102
1278.1	0.049176
1295.9	0.049249
1313.9	0.049321
1332.2	0.049394
1350.7	0.049467
1369.5	0.049541
1388.6	0.049613
1407.9	0.049686
1427.5	0.049759
1447.4	0.049832
1467.5	0.049905
1487.9	0.049977
1508.7	0.05005
1529.7	0.050123
1550.9	0.050196
1572.5	0.050269
1594.4	0.050342
1616.6	0.050415
1639.1	0.050488
1661.9	0.050561
1685.1	0.050634
1708.5	0.050707
1732.3	0.05078
1756.4	0.050853
1780.8	0.050926
1805.6	0.050999
1830.8	0.051072
1856.2	0.051145
1882.1	0.051217
1908.3	0.05129
1934.8	0.051364
1961.8	0.051436
1989.1	0.051509
2016.8	0.051582
2044.8	0.051655
2073.3	0.051728
2102.1	0.051801
2131.4	0.051874
2161.1	0.051947
2191.1	0.05202
2221.6	0.052093
2252.6	0.052166
2283.9	0.052239
2315.7	0.052312
2347.9	0.052385
2380.6	0.052458
2413.7	0.052531
2447.3	0.052604
2481.4	0.052677
2515.9	0.05275
2551	0.052822
2586.5	0.052895
2622.5	0.052968
2659	0.053041
2696	0.053114
2733.5	0.053187
2771.5	0.05326
2810.1	0.053334
2849.2	0.053406
2888.9	0.053479
2929.1	0.053552
2969.9	0.053625
3011.2	0.053698
3053.1	0.053771
3095.6	0.053844
3138.7	0.053917
3182.4	0.05399
3226.7	0.054063
3271.6	0.054136
3317.1	0.054208
3363.3	0.054281
3410.1	0.054354
3457.6	0.054427
3505.7	0.0545
3554.5	0.054573
3603.9	0.054647
3654.1	0.054719
3705	0.054792
3756.5	0.054865
3808.8	0.054938
3861.8	0.055011
3915.6	0.055084
3970.1	0.055157
4025.3	0.05523
4081.4	0.055303
4138.2	0.055375
4195.8	0.055448
4254.2	0.055521
4313.4	0.055594
4373.4	0.055668
4434.3	0.05574
4496	0.055813
4558.6	0.055886
4622	0.055959
4686.4	0.056032
4751.6	0.056105
4817.7	0.056178
4884.8	0.056251
4952.8	0.056324
5021.7	0.056397
5091.6	0.05647
5162.5	0.056542
5234.3	0.056615
5307.2	0.056688
5381	0.056761
5455.9	0.056834
5531.9	0.056907
5608.9	0.05698
5686.9	0.057053
5766.1	0.057125
5846.3	0.057198
5927.7	0.057271
6010.2	0.057344
6093.9	0.057417
6178.7	0.05749
6264.7	0.057563
6351.9	0.057636
6440.3	0.057709
6529.9	0.057782
6620.8	0.057854
6713	0.057927
6806.4	0.058
6901.1	0.058073
6997.2	0.058146
7094.6	0.058219
7193.3	0.058292
7293.4	0.058364
7394.9	0.058438
7497.9	0.05851
7602.2	0.058583
7708	0.058656
7815.3	0.058729
7924.1	0.058802
8034.4	0.058875
8146.2	0.058948
8259.6	0.05902
8374.6	0.059093
8491.1	0.059166
8609.3	0.059239
8729.1	0.059312
8850.6	0.059385
8973.8	0.059457
9098.7	0.05953
9225.3	0.059603
9353.7	0.059676
9483.9	0.059749
9615.9	0.059821
9749.8	0.059894
9885.5	0.059967
10023	0.060039
10163	0.06011
10304	0.060182
10447	0.060253
10593	0.060325
10740	0.060397
10890	0.06047
11041	0.060542
11195	0.060615
11351	0.060689
11509	0.060762
11669	0.060836
11831	0.06091
11996	0.060984
12163	0.061058
12332	0.061129
12504	0.0612
12678	0.061272
12854	0.061344
13033	0.061417
13215	0.061489
13399	0.061562
13585	0.061635
13774	0.061709
13966	0.061782
14160	0.061856
14357	0.061931
14557	0.062003
14760	0.062074
14965	0.062146
15174	0.062218
15385	0.06229
15599	0.062363
15816	0.062436
16036	0.062509
16259	0.062582
16486	0.062656
16715	0.06273
16948	0.062804
17184	0.062875
17423	0.062947
17665	0.063018
17911	0.063091
18161	0.063163
18413	0.063236
18670	0.063309
18929	0.063382
19193	0.063456
19460	0.063529
19731	0.063602
20006	0.063674
20284	0.063745
20566	0.063818
20853	0.06389
21143	0.063962
21437	0.064035
21735	0.064109
22038	0.064182
22345	0.064256
22656	0.064328
22971	0.0644
23291	0.064472
23615	0.064544
23944	0.064617
24277	0.064689
24615	0.064762
24957	0.064836
25305	0.064909
25657	0.064983
26014	0.065054
26376	0.065126
26743	0.065198
27115	0.06527
27493	0.065343
27875	0.065416
28263	0.065489
28657	0.065562
29056	0.065635
29460	0.065706
29870	0.065778
30286	0.06585
30707	0.065923
31135	0.065995
31568	0.066068
32008	0.066141
32453	0.066215
32905	0.066286
33363	0.066358
33827	0.06643
34298	0.066502
34775	0.066575
35259	0.066648
35750	0.066721
36248	0.066794
36752	0.066865
37264	0.066937
37782	0.06701
38308	0.067082
38841	0.067155
39382	0.067228
39930	0.067301
40486	0.067373
41049	0.067444
41621	0.067516
42200	0.067589
42787	0.067661
43383	0.067734
43987	0.067807
44599	0.067879
45220	0.06795
45849	0.068022
46487	0.068094
47134	0.068167
47790	0.06824
48455	0.068313
49130	0.068384
49814	0.068456
50507	0.068528
51210	0.068601
51923	0.068673
52645	0.068746
53378	0.068818
54121	0.06889
54874	0.068962
55638	0.069034
56413	0.069106
57198	0.069179
57994	0.069251
58801	0.069323
59619	0.069394
60449	0.069466
61291	0.069539
62144	0.069612
63009	0.069684
63886	0.069755
64775	0.069827
65676	0.069899
66590	0.069971
67517	0.070044
68457	0.070115
69410	0.070187
70376	0.070259
71355	0.070331
72349	0.070403
73356	0.070475
74376	0.070546
75412	0.070618
76461	0.07069
77526	0.070762
78605	0.070835
79699	0.070906
80808	0.070978
81933	0.07105
83073	0.071122
84229	0.071194
85402	0.071265
86590	0.071337
87795	0.071409
89017	0.071481
90256	0.071553
91513	0.071624
92786	0.071696
94078	0.071768
95387	0.07184
96715	0.071911
98061	0.071983
99426	0.072054
100810	0.072126
102210	0.072198
103640	0.072269
105080	0.072341
106540	0.072412
108020	0.072484
109530	0.072556
111050	0.072627
112600	0.072699
114160	0.07277
115750	0.072842
117360	0.072913
119000	0.072985
120650	0.073056
122330	0.073128
124040	0.073199
125760	0.07327
127510	0.073342
129290	0.073413
131090	0.073484
132910	0.073556
134760	0.073627
136640	0.073699
138540	0.07377
140470	0.073841
142420	0.073912
144400	0.073983
146410	0.074054
148450	0.074125
150520	0.074197
152610	0.074268
154740	0.074339
156890	0.07441
159070	0.074482
161290	0.074553
163530	0.074623
165810	0.074694
168120	0.074765
170460	0.074836
172830	0.074907
175240	0.074979
177670	0.07505
180150	0.07512
182650	0.075191
185200	0.075263
187770	0.075333
190390	0.075404
193040	0.075474
195720	0.075545
198450	0.075616
201210	0.075687
204010	0.075758
206850	0.075828
209730	0.075899
212650	0.075969
215610	0.07604
218610	0.076111
221650	0.076182
224740	0.076252
227870	0.076322
231040	0.076392
234250	0.076463
237510	0.076534
240820	0.076604
244170	0.076674
247570	0.076745
251020	0.076815
254510	0.076885
258050	0.076956
261640	0.077026
265280	0.077097
268980	0.077167
272720	0.077237
276520	0.077307
280370	0.077377
284270	0.077447
288220	0.077517
292240	0.077587
296300	0.077657
300430	0.077727
304610	0.077797
308850	0.077867
313150	0.077937
317510	0.078007
321920	0.078077
326410	0.078146
330950	0.078216
335550	0.078286
340220	0.078356
344960	0.078426
349760	0.078495
354630	0.078565
359570	0.078635
364570	0.078704
369640	0.078774
374790	0.078844
380010	0.078913
385290	0.078983
390660	0.079052
396090	0.079122
401610	0.079191
407200	0.079261
412860	0.07933
418610	0.079399
424440	0.079468
430350	0.079537
436330	0.079607
442410	0.079676
448570	0.079746
454810	0.079815
461140	0.079884
467560	0.079953
474070	0.080022
480660	0.080091
487350	0.08016
494140	0.080229
501010	0.080298
507990	0.080367
515060	0.080436
522230	0.080505
529500	0.080574
536860	0.080642
544340	0.080711
551910	0.08078
559600	0.080848
567380	0.080917
575280	0.080986
583290	0.081054
591410	0.081123
599640	0.081192
607980	0.08126
616450	0.081329
625030	0.081397
633730	0.081466
642550	0.081534
651490	0.081603
660560	0.081671
669750	0.081739
679070	0.081807
688520	0.081875
698110	0.081944
707820	0.082012
717680	0.082081
727660	0.082149
737790	0.082217
748060	0.082285
758470	0.082353
769030	0.082421
779730	0.082489
790590	0.082557
801590	0.082625
812750	0.082692
824060	0.082761
835530	0.082829
847160	0.082896
858950	0.082964
870900	0.083032
883020	0.0831
895320	0.083167
907780	0.083235
920410	0.083303
933220	0.083371
946210	0.083439
959380	0.083506
972730	0.083573
986270	0.083641
1e+06	0.083709
