     0                   0
     0.0001000200010     0.0033292687097
     0.0001210000000     0.0034752299062
     0.0001440000000     0.0036090038207
     0.0001690000000     0.0037323563799
     0.0001960000000     0.0038467955796
     0.0002250000000     0.0039535271220
     0.0002560000000     0.0040535296463
     0.0002890000000     0.0041476080636
     0.0003240000000     0.0042364321802
     0.0003610000000     0.0043205652003
     0.0004000000000     0.0044004851189
     0.0004410000000     0.0044767836396
     0.0004840000000     0.0045496311033
     0.0005290000000     0.0046193336382
     0.0005760000000     0.0046861588850
     0.0006250000000     0.0047503420428
     0.0006760000000     0.0048120908948
     0.0007290000000     0.0048715898991
     0.0007840000000     0.0049290035457
     0.0008410000000     0.0049844791310
     0.0009000000000     0.0050381490679
     0.0009610000000     0.0050903142700
     0.0010240000000     0.0051409016159
     0.0010890000000     0.0051900091352
     0.0011560000000     0.0052377262813
     0.0012250000000     0.0052841347585
     0.0012960000000     0.0053293093894
     0.0013690000000     0.0053733188642
     0.0014440000000     0.0054162263913
     0.0015210000000     0.0054580902634
     0.0016000000000     0.0054989643528
     0.0016810000000     0.0055390783912
     0.0017640000000     0.0055782989950
     0.0018490000000     0.0056166690000
     0.0019360000000     0.0056542284548
     0.0020250000000     0.0056910147059
     0.0021160000000     0.0057270626346
     0.0022090000000     0.0057624048680
     0.0023040000000     0.0057970719682
     0.0024010000000     0.0058310926015
     0.0025000000000     0.0058644936917
     0.0026010000000     0.0058974865262
     0.0027040000000     0.0059299091590
     0.0028090000000     0.0059617838722
     0.0029160000000     0.0059931318674
     0.0030250000000     0.0060239731721
     0.0031360000000     0.0060543267239
     0.0032490000000     0.0060842104478
     0.0033640000000     0.0061136413259
     0.0034810000000     0.0061426354620
     0.0036000000000     0.0061712081404
     0.0037210000000     0.0061995446858
     0.0038440000000     0.0062274882660
     0.0039690000000     0.0062550518427
     0.0040960000000     0.0062822479206
     0.0042250000000     0.0063090884150
     0.0043560000000     0.0063355846878
     0.0044890000000     0.0063617475809
     0.0046240000000     0.0063875874467
     0.0047610000000     0.0064131141767
     0.0049000000000     0.0064383372279
     0.0050410000000     0.0064634384220
     0.0051840000000     0.0064882538178
     0.0053290000000     0.0065127915371
     0.0054760000000     0.0065370595288
     0.0056250000000     0.0065610654144
     0.0057760000000     0.0065848165057
     0.0059290000000     0.0066083198207
     0.0060840000000     0.0066315820988
     0.0062410000000     0.0066546098149
     0.0064000000000     0.0066774091930
     0.0065610000000     0.0067001562224
     0.0067240000000     0.0067226868275
     0.0068890000000     0.0067450063806
     0.0070560000000     0.0067671202186
     0.0072250000000     0.0067890334823
     0.0073960000000     0.0068107511264
     0.0075690000000     0.0068322779270
     0.0077440000000     0.0068536184909
     0.0079210000000     0.0068747772623
     0.0081000000000     0.0068957585307
     0.0082810000000     0.0069167328696
     0.0084640000000     0.0069375380136
     0.0086490000000     0.0069581776606
     0.0088360000000     0.0069786555455
     0.0090250000000     0.0069989752795
     0.0092160000000     0.0070191403545
     0.0094090000000     0.0070391541489
     0.0096040000000     0.0070590199317
     0.0098010000000     0.0070787408674
     0.0100000000000     0.0070983200198
     0.0121000000000     0.0072885525589
     0.0256000000000     0.0081231232346
     0.0441000000000     0.0088497455881
     0.0676000000000     0.0095180972711
     0.0961000000000     0.0101466982421
     0.1296000000000     0.0107432859948
     0.1681000000000     0.0113120015231
     0.2116000000000     0.0118550196209
     0.2601000000000     0.0123739603310
     0.3136000000000     0.0128699434608
     0.3721000000000     0.0133441684607
     0.4356000000000     0.0137975728530
     0.5041000000000     0.0142312832070
     0.5776000000000     0.0146463935020
     0.6561000000000     0.0150439888102
     0.7396000000000     0.0154251441064
     0.8281000000000     0.0157909129922
     0.9216000000000     0.0161422935000
     1.0201000000000     0.0164802381381
     1.1236000000000     0.0168056512529
     1.2321000000000     0.0171194087098
     1.3456000000000     0.0174222634362
     1.4641000000000     0.0177149578518
     1.5876000000000     0.0179981585302
     1.7161000000000     0.0182724895586
     1.8496000000000     0.0185385199633
     1.9881000000000     0.0187967822770
     2.1316000000000     0.0190477540559
     2.2801000000000     0.0192918729133
     2.4336000000000     0.0195295635615
     2.5921000000000     0.0197611820775
     2.7556000000000     0.0199870829401
     2.9241000000000     0.0202075854051
     3.0976000000000     0.0204229699456
     3.2761000000000     0.0206335266362
     3.4596000000000     0.0208394721443
     3.6481000000000     0.0210410458104
     3.8416000000000     0.0212384778852
     4.0401000000000     0.0214319369776
     4.2436000000000     0.0216216178282
     4.4521000000000     0.0218076950972
     4.6656000000000     0.0219903412875
     4.8841000000000     0.0221696833581
     5.1076000000000     0.0223458611199
     5.3361000000000     0.0225190025814
     5.5696000000000     0.0226892247387
     5.8081000000000     0.0228566400209
     6.0516000000000     0.0230213451748
     6.3001000000000     0.0231834585938
     6.5536000000000     0.0233430502113
     6.8121000000000     0.0235002355619
     7.0756000000000     0.0236551197399
     7.3441000000000     0.0238076794444
     7.6176000000000     0.0239580843320
     7.8961000000000     0.0241063069799
     8.1796000000000     0.0242525172048
     8.4681000000000     0.0243967451078
     8.7616000000000     0.0245390231708
     9.0601000000000     0.0246795124659
     9.3636000000000     0.0248180911947
     9.6721000000000     0.0249549186941
     9.9856000000000     0.0250900524480
    10.3041000000000     0.0252234368620
    10.6276000000000     0.0253552283772
    10.9561000000000     0.0254854489976
    11.2896000000000     0.0256141164977
    11.6281000000000     0.0257412136264
    11.9716000000000     0.0258669392444
    12.3201000000000     0.0259911292341
    12.6736000000000     0.0261139803273
    13.0321000000000     0.0262355084513
    13.3956000000000     0.0263555822876
    13.7641000000000     0.0264744213714
    14.1376000000000     0.0265919861852
    14.5161000000000     0.0267082941807
    14.8996000000000     0.0268233466972
    15.2881000000000     0.0269372286535
    15.6816000000000     0.0270499515469
    16.0801000000000     0.0271615264368
    16.4836000000000     0.0272720341918
    16.8921000000000     0.0273813446758
    17.3056000000000     0.0274896811805
    17.7241000000000     0.0275968777474
    18.1476000000000     0.0277030447688
    18.5761000000000     0.0278082331800
    19.0096000000000     0.0279124151118
    19.4481000000000     0.0280156326136
    19.8916000000000     0.0281179302238
    20.3401000000000     0.0282192469338
    20.7936000000000     0.0283196577254
    21.2521000000000     0.0284191024880
    21.7156000000000     0.0285177287170
    22.1841000000000     0.0286154379902
    22.6576000000000     0.0287123436555
    23.1361000000000     0.0288083833821
    23.6196000000000     0.0289036294968
    24.1081000000000     0.0289979869678
    24.6016000000000     0.0290916358216
    25.1001000000000     0.0291844077287
    25.6036000000000     0.0292764824021
    26.1121000000000     0.0293677262774
    26.6256000000000     0.0294582864551
    27.1441000000000     0.0295480965039
    27.6676000000000     0.0296371628432
    28.1961000000000     0.0297255240824
    28.7296000000000     0.0298132228678
    29.2681000000000     0.0299001908751
    29.8116000000000     0.0299865056148
    30.3601000000000     0.0300721364054
    30.9136000000000     0.0301571212768
    31.4721000000000     0.0302414658284
    32.0356000000000     0.0303251727619
    32.6041000000000     0.0304082327150
    33.1776000000000     0.0304906609200
    33.7561000000000     0.0305725025237
    34.3396000000000     0.0306537949847
    34.9281000000000     0.0307344001629
    35.5216000000000     0.0308144634295
    36.1201000000000     0.0308939517718
    36.7236000000000     0.0309729071932
    37.3321000000000     0.0310512431837
    37.9456000000000     0.0311290493747
    38.5641000000000     0.0312063506847
    39.1876000000000     0.0312830948233
    39.8161000000000     0.0313592497283
    40.4496000000000     0.0314349251174
    41.0881000000000     0.0315101063562
    41.7316000000000     0.0315847794648
    42.3801000000000     0.0316589479754
    43.0336000000000     0.0317326111807
    43.6921000000000     0.0318057927892
    44.3556000000000     0.0318785123120
    45.0241000000000     0.0319506839396
    45.6976000000000     0.0320224337299
    46.3761000000000     0.0320937662912
    47.0596000000000     0.0321646117865
    47.7481000000000     0.0322350084166
    48.4416000000000     0.0323049227643
    49.1401000000000     0.0323744294143
    49.8436000000000     0.0324435278791
    50.5521000000000     0.0325121150832
    51.2656000000000     0.0325803742793
    51.9841000000000     0.0326481265634
    52.7076000000000     0.0327154821322
    53.4361000000000     0.0327824781640
    54.1696000000000     0.0328490816007
    54.9081000000000     0.0329152214672
    55.6516000000000     0.0329809740884
    56.4001000000000     0.0330463751210
    57.1536000000000     0.0331113913789
    57.9121000000000     0.0331759896221
    58.6756000000000     0.0332402040144
    59.4441000000000     0.0333040769897
    60.2176000000000     0.0333675738915
    60.9961000000000     0.0334307301247
    61.7796000000000     0.0334935123311
    62.5681000000000     0.0335559222213
    63.3616000000000     0.0336180329931
    64.1601000000000     0.0336797045496
    64.9636000000000     0.0337410802590
    65.7721000000000     0.0338021279968
    66.5856000000000     0.0338628100557
    67.4041000000000     0.0339232023494
    68.2276000000000     0.0339832333672
    69.0561000000000     0.0340429776280
    69.8896000000000     0.0341023621942
    70.7281000000000     0.0341614277787
    71.5716000000000     0.0342202108936
    72.4201000000000     0.0342786399787
    73.2736000000000     0.0343367893479
    74.1321000000000     0.0343945874344
    74.9956000000000     0.0344521084890
    75.8641000000000     0.0345093538497
    76.7376000000000     0.0345663248154
    77.6161000000000     0.0346229496936
    78.4996000000000     0.0346793026920
    79.3881000000000     0.0347353850717
    80.2816000000000     0.0347911250677
    81.1801000000000     0.0348466319578
    82.0836000000000     0.0349018731994
    82.9921000000000     0.0349567755941
    83.9056000000000     0.0350114862942
    84.8241000000000     0.0350658604343
    85.7476000000000     0.0351199721078
    86.6761000000000     0.0351738575442
    87.6096000000000     0.0352274841101
    88.5481000000000     0.0352807840480
    89.4916000000000     0.0353338794660
    90.4401000000000     0.0353867083757
    91.3936000000000     0.0354393030847
    92.3521000000000     0.0354915777967
    93.3156000000000     0.0355436634291
    94.2841000000000     0.0355954959614
    95.2576000000000     0.0356470764348
    96.2361000000000     0.0356984218425
    97.2196000000000     0.0357495579222
    98.2081000000000     0.0358004039208
    99.2016000000000     0.0358510424346
   100.2001000000000     0.0359014204420
   101.2036000000000     0.0359515832870
   102.2121000000000     0.0360015713171
   103.2256000000000     0.0360512423586
   104.2441000000000     0.0361007417293
   105.2676000000000     0.0361499981281
   106.2961000000000     0.0361990860032
   107.3296000000000     0.0362478858025
   108.3681000000000     0.0362965188295
   109.4116000000000     0.0363448843400
   110.4601000000000     0.0363930839436
   111.5136000000000     0.0364410453962
   112.5721000000000     0.0364888013464
   113.6356000000000     0.0365363577273
   114.7041000000000     0.0365836824085
   115.7776000000000     0.0366308405957
   116.8561000000000     0.0366777688334
   117.9396000000000     0.0367245364746
   119.0281000000000     0.0367710668434
   120.1216000000000     0.0368174424173
   121.2201000000000     0.0368635865460
   122.3236000000000     0.0369094998830
   123.4321000000000     0.0369552562074
   124.5456000000000     0.0370008516949
   125.6641000000000     0.0370462211230
   126.7876000000000     0.0370914354912
   127.9161000000000     0.0371364233419
   129.0496000000000     0.0371812565231
   130.1881000000000     0.0372258645521
   131.3316000000000     0.0372703200814
   132.4801000000000     0.0373146224204
   133.6336000000000     0.0373586662613
   134.7921000000000     0.0374026302923
   135.9556000000000     0.0374463369834
   137.1241000000000     0.0374899646357
   138.2976000000000     0.0375333001578
   139.4761000000000     0.0375765582071
   140.6596000000000     0.0376195613509
   141.8481000000000     0.0376624881525
   143.0416000000000     0.0377051611796
   144.2401000000000     0.0377477495435
   145.4436000000000     0.0377893071997
   146.6521000000000     0.0378307929562
   147.8656000000000     0.0378722073843
   149.0841000000000     0.0379135509791
   150.3076000000000     0.0379548243054
   151.5361000000000     0.0379960278500
   152.7696000000000     0.0380371621188
   154.0081000000000     0.0380782276884
   155.2516000000000     0.0381192250547
   156.5001000000000     0.0381601546814
   157.7536000000000     0.0382010170498
   159.0121000000000     0.0382418127120
   160.2756000000000     0.0382825420825
   161.5441000000000     0.0383232056976
   162.8176000000000     0.0383638040065
   164.0961000000000     0.0384043374748
   165.3796000000000     0.0384448065857
   166.6681000000000     0.0384852118395
   167.9616000000000     0.0385255535891
   169.2601000000000     0.0385655111078
   170.5636000000000     0.0386041212780
   171.8721000000000     0.0386426693146
   173.1856000000000     0.0386811556878
   174.5041000000000     0.0387195808271
   175.8276000000000     0.0387579451188
   177.1561000000000     0.0387962490216
   178.4896000000000     0.0388344929513
   179.8281000000000     0.0388726772786
   181.1716000000000     0.0389108024472
   182.5201000000000     0.0389488689158
   183.8736000000000     0.0389868769767
   185.2321000000000     0.0390248271159
   186.5956000000000     0.0390627197123
   187.9641000000000     0.0391005551578
   189.3376000000000     0.0391383337326
   190.7161000000000     0.0391760559779
   192.0996000000000     0.0392137221992
   193.4881000000000     0.0392513327760
   194.8816000000000     0.0392888880361
   196.2801000000000     0.0393261082291
   197.6836000000000     0.0393621529223
   199.0921000000000     0.0393981434814
   200.5056000000000     0.0394340802159
   201.9241000000000     0.0394699634456
   203.3476000000000     0.0395057935672
   204.7761000000000     0.0395415709228
   206.2096000000000     0.0395772958649
   207.6481000000000     0.0396129686205
   209.0916000000000     0.0396485896995
   210.5401000000000     0.0396841592803
   211.9936000000000     0.0397196778267
   213.4521000000000     0.0397551456054
   214.9156000000000     0.0397905628913
   216.3841000000000     0.0398259300395
   217.8576000000000     0.0398612474154
   219.3361000000000     0.0398965153232
   220.8196000000000     0.0399317340037
   222.3081000000000     0.0399669038513
   223.8016000000000     0.0400020251247
   225.3001000000000     0.0400368522436
   226.8036000000000     0.0400706476470
   228.3121000000000     0.0401043954509
   229.8256000000000     0.0401380958736
   231.3441000000000     0.0401717492158
   232.8676000000000     0.0402053557108
   234.3961000000000     0.0402389157526
   235.9296000000000     0.0402724295911
   237.4681000000000     0.0403058975617
   239.0116000000000     0.0403393197731
   240.5601000000000     0.0403726966543
   242.1136000000000     0.0404060284067
   243.6721000000000     0.0404393153984
   245.2356000000000     0.0404725577651
   246.8041000000000     0.0405057558903
   248.3776000000000     0.0405389099228
   249.9561000000000     0.0405720202625
   251.5396000000000     0.0406050870715
   253.1281000000000     0.0406381106000
   254.7216000000000     0.0406710911889
   256.3201000000000     0.0407038115583
   257.9236000000000     0.0407356195960
   259.5321000000000     0.0407673853395
   261.1456000000000     0.0407991091589
   262.7641000000000     0.0408307912612
   264.3876000000001     0.0408624317718
   266.0160999999999     0.0408940310823
   267.6496000000000     0.0409255894183
   269.2881000000000     0.0409571068339
   270.9316000000000     0.0409885838311
   272.5801000000001     0.0410200203859
   274.2336000000000     0.0410514169256
   275.8921000000000     0.0410827736158
   277.5556000000000     0.0411140906265
   279.2241000000000     0.0411453682239
   280.8976000000001     0.0411766066811
   282.5760999999999     0.0412078061850
   284.2596000000000     0.0412389669273
   285.9481000000000     0.0412700891046
   287.6416000000000     0.0413011729184
   289.3401000000001     0.0413320239266
   291.0436000000000     0.0413620576349
   292.7521000000000     0.0413920536175
   294.4656000000000     0.0414220121941
   296.1841000000001     0.0414519334967
   297.9076000000001     0.0414818176610
   299.6360999999999     0.0415116651218
   301.3696000000000     0.0415414758283
   303.1081000000000     0.0415712501279
   304.8516000000000     0.0416009880750
   306.6001000000001     0.0416306901295
   308.3536000000000     0.0416603561528
   310.1121000000000     0.0416899866159
   311.8756000000000     0.0417195815902
   313.6441000000000     0.0417491412520
   315.4176000000000     0.0417786658858
   317.1960999999999     0.0418081555738
   318.9796000000000     0.0418376105051
   320.7681000000000     0.0418670309791
   322.5616000000001     0.0418964170895
   324.3601000000000     0.0419255945258
   326.1636000000000     0.0419540404881
   327.9721000000000     0.0419824526014
   329.7856000000000     0.0420108309727
   331.6041000000000     0.0420391760385
   333.4276000000000     0.0420674876968
   335.2560999999999     0.0420957662845
   337.0896000000000     0.0421240119244
   338.9281000000000     0.0421522248536
   340.7716000000000     0.0421804052022
   342.6201000000000     0.0422085531035
   344.4736000000000     0.0422366686934
   346.3321000000000     0.0422647522254
   348.1956000000000     0.0422928038435
   350.0641000000001     0.0423208236951
   351.9376000000000     0.0423488119309
   353.8160999999999     0.0423767687048
   355.6996000000000     0.0424046941743
   357.5881000000000     0.0424325886178
   359.4816000000000     0.0424604519648
   361.3801000000001     0.0424881269965
   363.2836000000000     0.0425151407787
   365.1921000000000     0.0425421240960
   367.1056000000000     0.0425690771276
   369.0241000000000     0.0425959999347
   370.9476000000001     0.0426228927020
   372.8761000000000     0.0426497554955
   374.8096000000000     0.0426765885058
   376.7481000000000     0.0427033920519
   378.6916000000001     0.0427301660851
   380.6401000000001     0.0427569108066
   382.5935999999999     0.0427836262957
   384.5521000000000     0.0428103127601
   386.5156000000000     0.0428369704117
   388.4841000000000     0.0428635993390
   390.4576000000001     0.0428901996322
   392.4361000000000     0.0429167713834
   394.4196000000000     0.0429433149465
   396.4081000000000     0.0429698301602
   398.4016000000000     0.0429963173851
   400.4001000000001     0.0430226351564
   402.4035999999999     0.0430483588744
   404.4121000000000     0.0430740549219
   406.4256000000000     0.0430997234093
   408.4441000000000     0.0431253645838
   410.4676000000001     0.0431509784272
   412.4961000000000     0.0431765651927
   414.5296000000000     0.0432021248653
   416.5681000000000     0.0432276577044
   418.6116000000000     0.0432531638362
   420.6601000000001     0.0432786432515
   422.7135999999999     0.0433040962187
   424.7721000000000     0.0433295228720
   426.8356000000000     0.0433549232076
   428.9041000000000     0.0433802973628
   430.9776000000001     0.0434056456193
   433.0561000000000     0.0434309679795
   435.1396000000000     0.0434562645888
   437.2281000000000     0.0434815354515
   439.3216000000000     0.0435067808613
   441.4201000000000     0.0435318702044
   443.5235999999999     0.0435564116216
   445.6321000000000     0.0435809280526
   447.7456000000000     0.0436054193655
   449.8641000000001     0.0436298857221
   451.9876000000000     0.0436543271382
   454.1161000000000     0.0436787439294
   456.2496000000000     0.0437031361163
   458.3881000000000     0.0437275037203
   460.5316000000000     0.0437518470661
   462.6801000000001     0.0437761660278
   464.8335999999999     0.0438004607830
   466.9921000000000     0.0438247315126
   469.1556000000000     0.0438489782464
   471.3241000000000     0.0438732011701
   473.4976000000001     0.0438974004725
   475.6761000000000     0.0439215758764
   477.8596000000000     0.0439457278857
   480.0481000000000     0.0439698565398
   482.2416000000001     0.0439939617199
   484.4401000000001     0.0440179254067
   486.6435999999999     0.0440413933106
   488.8521000000000     0.0440648380248
   491.0656000000000     0.0440882599154
   493.2841000000000     0.0441116588680
   495.5076000000001     0.0441350350924
   497.7361000000000     0.0441583888023
   499.9696000000000     0.0441817198858
   502.2081000000000     0.0442050285597
   504.4516000000000     0.0442283150448
   506.7001000000001     0.0442515790651
   508.9535999999999     0.0442748210102
   511.2121000000000     0.0442980409398
   513.4756000000000     0.0443212389147
   515.7441000000000     0.0443444151665
   518.0176000000000     0.0443675694193
   520.2960999999999     0.0443907020775
   522.5796000000000     0.0444138132083
   524.8681000000000     0.0444369028803
   527.1616000000000     0.0444599709897
   529.4601000000001     0.0444829092230
   531.7636000000000     0.0445053911127
   534.0721000000000     0.0445278520038
   536.3856000000000     0.0445502917965
   538.7041000000000     0.0445727107439
   541.0276000000001     0.0445951087472
   543.3561000000000     0.0446174860638
   545.6895999999999     0.0446398425960
   548.0281000000000     0.0446621784250
   550.3716000000001     0.0446844938143
   552.7201000000001     0.0447067888502
   555.0735999999999     0.0447290634375
   557.4321000000000     0.0447513178464
   559.7956000000000     0.0447735519832
   562.1641000000001     0.0447957659375
   564.5376000000001     0.0448179599863
   566.9160999999999     0.0448401342245
   569.2995999999999     0.0448622883740
   571.6881000000000     0.0448844227164
   574.0816000000001     0.0449065375379
   576.4801000000001     0.0449285320466
   578.8835999999999     0.0449501040422
   581.2921000000000     0.0449716566296
   583.7056000000000     0.0449931899128
   586.1241000000000     0.0450147038043
   588.5476000000001     0.0450361986027
   590.9761000000000     0.0450576740279
   593.4096000000000     0.0450791305764
   595.8481000000000     0.0451005679684
   598.2916000000000     0.0451219865103
   600.7401000000001     0.0451433863156
   603.1935999999999     0.0451647673011
   605.6521000000000     0.0451861293823
   608.1156000000000     0.0452074730738
   610.5841000000000     0.0452287980945
   613.0576000000001     0.0452501047641
   615.5360999999999     0.0452713927998
   618.0196000000000     0.0452926627276
   620.5081000000000     0.0453139142652
   623.0016000000001     0.0453351477407
   625.5001000000001     0.0453562703996
   628.0035999999999     0.0453770041330
   630.5120999999999     0.0453977199807
   633.0256000000001     0.0454184178653
   635.5441000000001     0.0454390981267
   638.0676000000001     0.0454597604801
   640.5961000000000     0.0454804050576
   643.1296000000000     0.0455010319938
   645.6681000000000     0.0455216414249
   648.2116000000001     0.0455422334896
   650.7601000000001     0.0455628079002
   653.3136000000000     0.0455833650094
   655.8720999999999     0.0456039049599
   658.4356000000000     0.0456244274627
   661.0041000000000     0.0456449328772
   663.5776000000001     0.0456654213500
   666.1560999999999     0.0456858925913
   668.7396000000000     0.0457063469670
   671.3281000000001     0.0457267841860
   673.9216000000000     0.0457472048399
   676.5201000000001     0.0457675232593
   679.1235999999999     0.0457874834599
   681.7320999999999     0.0458074268878
   684.3456000000000     0.0458273536978
   686.9641000000000     0.0458472640467
   689.5876000000001     0.0458671580936
   692.2161000000000     0.0458870355445
   694.8496000000000     0.0459068965582
   697.4881000000000     0.0459267412958
   700.1316000000000     0.0459465699209
   702.7801000000001     0.0459663823684
   705.4336000000000     0.0459861788040
   708.0921000000000     0.0460059589299
   710.7556000000000     0.0460257233798
   713.4241000000001     0.0460454716222
   716.0976000000001     0.0460652040609
   718.7760999999999     0.0460849206324
   721.4596000000000     0.0461046215096
   724.1481000000000     0.0461243066297
   726.8416000000001     0.0461439761681
   729.5401000000001     0.0461635500319
   732.2435999999999     0.0461827868659
   734.9521000000000     0.0462020084128
   737.6656000000000     0.0462212146128
   740.3841000000001     0.0462404054053
   743.1076000000000     0.0462595809733
   745.8360999999999     0.0462787410115
   748.5695999999999     0.0462978861958
   751.3081000000000     0.0463170159753
   754.0516000000000     0.0463361307838
   756.8001000000000     0.0463552303141
   759.5536000000000     0.0463743152547
   762.3121000000000     0.0463933850493
   765.0756000000000     0.0464124398889
   767.8441000000000     0.0464314799676
   770.6176000000000     0.0464505052281
   773.3960999999999     0.0464695158673
   776.1795999999999     0.0464885118292
   778.9681000000000     0.0465074930567
   781.7616000000000     0.0465264597497
   784.5601000000000     0.0465453374192
   787.3635999999999     0.0465639029688
   790.1721000000000     0.0465824540758
   792.9856000000000     0.0466009909458
   795.8041000000001     0.0466195135251
   798.6276000000001     0.0466380214965
   801.4560999999999     0.0466565155935
   804.2896000000000     0.0466749952361
   807.1281000000000     0.0466934608989
   809.9716000000001     0.0467119125301
   812.8201000000001     0.0467303500767
   815.6736000000000     0.0467487737538
   818.5321000000000     0.0467671835099
   821.3956000000001     0.0467855792927
   824.2641000000001     0.0468039613204
   827.1376000000001     0.0468223292700
   830.0160999999999     0.0468406839064
   832.8996000000000     0.0468590246345
   835.7881000000000     0.0468773516764
   838.6816000000000     0.0468956652569
   841.5801000000001     0.0469138964549
   844.4835999999999     0.0469318399886
   847.3920999999999     0.0469497699118
   850.3056000000000     0.0469676864534
   853.2241000000000     0.0469855895643
   856.1476000000001     0.0470034794767
   859.0760999999999     0.0470213561431
   862.0096000000000     0.0470392195153
   864.9481000000000     0.0470570695443
   867.8916000000000     0.0470749067521
   870.8401000000001     0.0470927305207
   873.7936000000000     0.0471105413746
   876.7520999999999     0.0471283392679
   879.7156000000000     0.0471461241541
   882.6841000000001     0.0471638959862
   885.6576000000001     0.0471816550077
   888.6360999999999     0.0471994011732
   891.6196000000000     0.0472171344366
   894.6081000000000     0.0472348550455
   897.6016000000001     0.0472525629553
   900.6001000000001     0.0472700780222
   903.6035999999999     0.0472868599045
   906.6120999999999     0.0473036295472
   909.6256000000000     0.0473203863103
   912.6441000000001     0.0473371307471
   915.6676000000001     0.0473538625137
   918.6960999999999     0.0473705821690
   921.7296000000000     0.0473872890656
   924.7681000000000     0.0474039837652
   927.8116000000000     0.0474206662259
   930.8601000000001     0.0474373364053
   933.9136000000000     0.0474539942606
   936.9721000000000     0.0474706400565
   940.0356000000000     0.0474872734424
   943.1041000000000     0.0475038946840
   946.1776000000001     0.0475205040506
   949.2560999999999     0.0475371015023
   952.3396000000000     0.0475536866851
   955.4281000000000     0.0475702598695
   958.5216000000000     0.0475868213295
   961.6201000000001     0.0476033710261
   964.7235999999999     0.0476199086020
   967.8321000000000     0.0476364343326
   970.9456000000000     0.0476529484968
   974.0641000000001     0.0476694507358
   977.1876000000001     0.0476859413294
   980.3160999999999     0.0477024202384
   983.4495999999999     0.0477188874229
   986.5881000000001     0.0477353431674
   989.7316000000001     0.0477517874340
   992.8801000000001     0.0477682198577
   996.0335999999999     0.0477846410522
   999.1921000000000     0.0478010509814
  1002.3556000000000     0.0478174489484
  1005.5241000000001     0.0478338359030
  1008.6976000000001     0.0478502114783
  1011.8761000000000     0.0478665759691
  1015.0595999999999     0.0478829286716
  1018.2481000000000     0.0478992705489
  1021.4416000000001     0.0479156008949
  1024.6400999999998     0.0479319203441
  1027.8436000000002     0.0479482285235
  1031.0520999999999     0.0479645257346
  1034.2655999999997     0.0479808119417
  1037.4841000000001     0.0479970867676
  1040.7076000000000     0.0480133508577
  1043.9361000000001     0.0480296038347
  1047.1695999999999     0.0480458460061
  1050.4080999999999     0.0480620773371
  1053.6516000000001     0.0480782974458
  1056.9000999999998     0.0480945069893
  1060.1536000000001     0.0481107055858
  1063.4121000000000     0.0481268935488
  1066.6755999999998     0.0481430708446
  1069.9441000000002     0.0481592374390
  1073.2175999999999     0.0481753932974
  1076.4961000000001     0.0481915383846
  1079.7796000000001     0.0482076730207
  1083.0680999999997     0.0482237968163
  1086.3616000000000     0.0482399104503
  1089.6600999999998     0.0482560135335
  1092.9636000000000     0.0482721060320
  1096.2720999999999     0.0482881879112
  1099.5855999999999     0.0483042594982
  1102.9041000000000     0.0483203207609
  1106.2275999999999     0.0483363716669
  1109.5561000000002     0.0483524121831
  1112.8896000000000     0.0483684422764
  1116.2280999999998     0.0483844622803
  1119.5716000000000     0.0484004717954
  1122.9200999999998     0.0484164715265
  1126.2736000000002     0.0484324607035
  1129.6321000000000     0.0484484400350
  1132.9955999999997     0.0484644091186
  1136.3641000000000     0.0484803679215
  1139.7375999999999     0.0484963167854
  1143.1161000000002     0.0485122556802
  1146.4995999999999     0.0485281845748
  1149.8880999999997     0.0485441034383
  1153.2816000000000     0.0485600126186
  1156.6800999999998     0.0485759117063
  1160.0836000000002     0.0485918006692
  1163.4920999999999     0.0486076802405
  1166.9055999999998     0.0486235496256
  1170.3241000000000     0.0486394095614
  1173.7475999999999     0.0486552592481
  1177.1761000000001     0.0486710994263
  1180.6096000000000     0.0486869300684
  1184.0480999999997     0.0487027507561
  1187.4916000000001     0.0487185618484
  1190.9400999999998     0.0487343633164
  1194.3936000000001     0.0487501551306
  1197.8521000000001     0.0487659376558
  1201.3155999999997     0.0487817104697
  1204.7841000000001     0.0487974735419
  1208.2575999999999     0.0488132272395
  1211.7361000000001     0.0488289715347
  1215.2195999999999     0.0488447063993
  1218.7080999999998     0.0488604318051
  1222.2016000000001     0.0488761481256
  1225.7000999999998     0.0488916122559
  1229.2036000000001     0.0489060985609
  1232.7121000000000     0.0489205748886
  1236.2255999999998     0.0489350424264
  1239.7441000000001     0.0489495007425
  1243.2675999999999     0.0489639494003
  1246.7961000000003     0.0489783891895
  1250.3296000000000     0.0489928196739
  1253.8680999999997     0.0490072412381
  1257.4116000000001     0.0490216534427
  1260.9600999999998     0.0490360562589
  1264.5136000000002     0.0490504504898
  1268.0720999999999     0.0490648352779
  1271.6355999999998     0.0490792114303
  1275.2041000000002     0.0490935785040
  1278.7775999999999     0.0491079364720
  1282.3561000000002     0.0491222853066
  1285.9395999999999     0.0491366254035
  1289.5280999999998     0.0491509567382
  1293.1216000000002     0.0491652788600
  1296.7200999999998     0.0491795925941
  1300.3236000000002     0.0491938970624
  1303.9321000000000     0.0492081930941
  1307.5455999999997     0.0492224802362
  1311.1641000000000     0.0492367584623
  1314.7875999999999     0.0492510277458
  1318.4161000000001     0.0492652889276
  1322.0496000000001     0.0492795406821
  1325.6880999999998     0.0492937842873
  1329.3316000000000     0.0493080192849
  1332.9800999999998     0.0493222456502
  1336.6336000000001     0.0493364629184
  1340.2920999999999     0.0493506719432
  1343.9555999999998     0.0493648727027
  1347.6241000000000     0.0493790647312
  1351.2975999999999     0.0493932480026
  1354.9761000000001     0.0494074233826
  1358.6596000000000     0.0494215895103
  1362.3480999999997     0.0494357477003
  1366.0416000000000     0.0494498974833
  1369.7400999999998     0.0494640388354
  1373.4436000000001     0.0494781717325
  1377.1521000000000     0.0494922966035
  1380.8655999999999     0.0495064125184
  1384.5841000000000     0.0495205208160
  1388.3075999999999     0.0495346205645
  1392.0361000000003     0.0495487117382
  1395.7695999999999     0.0495627952305
  1399.5080999999998     0.0495768701014
  1403.2516000000001     0.0495909367864
  1407.0000999999997     0.0496049957261
  1410.7536000000002     0.0496190459720
  1414.5120999999999     0.0496330884286
  1418.2755999999997     0.0496471226089
  1422.0441000000001     0.0496611489573
  1425.8175999999999     0.0496751669839
  1429.5961000000002     0.0496891771349
  1433.3796000000000     0.0497031793896
  1437.1680999999996     0.0497171732535
  1440.9616000000001     0.0497311591758
  1444.7600999999997     0.0497451376106
  1448.5636000000002     0.0497591075859
  1452.3721000000000     0.0497730700320
  1456.1855999999998     0.0497870244509
  1460.0041000000001     0.0498009708200
  1463.8275999999998     0.0498149095982
  1467.6561000000002     0.0498288402831
  1471.4895999999999     0.0498427633356
  1475.3280999999997     0.0498566782501
  1479.1716000000001     0.0498705859769
  1483.0201000000000     0.0498844855228
  1486.8736000000001     0.0498983773530
  1490.7320999999999     0.0499122614467
  1494.5955999999996     0.0499261382749
  1498.4641000000001     0.0499400068336
  1502.3375999999998     0.0499538680867
  1506.2161000000001     0.0499677220161
  1510.0996000000000     0.0499815676096
  1513.9880999999998     0.0499954058380
  1517.8816000000002     0.0500092366827
  1521.7800999999999     0.0500230601248
  1525.6836000000001     0.0500368756432
  1529.5920999999998     0.0500506837183
  1533.5055999999997     0.0500644843306
  1537.4241000000002     0.0500782774605
  1541.3475999999998     0.0500920630880
  1545.2761000000003     0.0501058417017
  1549.2095999999999     0.0501196122653
  1553.1480999999997     0.0501333757768
  1557.0916000000000     0.0501471317069
  1561.0400999999999     0.0501608805483
  1564.9936000000002     0.0501746217686
  1568.9521000000000     0.0501883558630
  1572.9155999999998     0.0502020822959
  1576.8841000000000     0.0502158015645
  1580.8575999999998     0.0502295136507
  1584.8361000000002     0.0502432185362
  1588.8196000000000     0.0502569162025
  1592.8080999999997     0.0502706066308
  1596.8016000000000     0.0502842898021
  1600.8000999999999     0.0502977803446
  1604.8036000000002     0.0503105221807
  1608.8120999999999     0.0503232572313
  1612.8255999999997     0.0503359844188
  1616.8441000000000     0.0503487053162
  1620.8675999999998     0.0503614188438
  1624.8961000000002     0.0503741249815
  1628.9295999999999     0.0503868242449
  1632.9680999999998     0.0503995166172
  1637.0116000000000     0.0504122020814
  1641.0600999999999     0.0504248800801
  1645.1136000000001     0.0504375516752
  1649.1721000000000     0.0504502157672
  1653.2355999999997     0.0504628728787
  1657.3041000000001     0.0504755235373
  1661.3775999999998     0.0504881666350
  1665.4561000000001     0.0505008032461
  1669.5396000000001     0.0505134328065
  1673.6280999999997     0.0505260558484
  1677.7216000000001     0.0505386712524
  1681.8200999999999     0.0505512806565
  1685.9236000000001     0.0505638829393
  1690.0320999999999     0.0505764780816
  1694.1455999999998     0.0505890666213
  1698.2641000000001     0.0506016485428
  1702.3875999999998     0.0506142232697
  1706.5161000000003     0.0506267919055
  1710.6496000000000     0.0506393533116
  1714.7880999999998     0.0506519080320
  1718.9316000000001     0.0506644560501
  1723.0800999999999     0.0506769979164
  1727.2336000000003     0.0506895324808
  1731.3921000000000     0.0507020602919
  1735.5555999999997     0.0507145819039
  1739.7241000000001     0.0507270967305
  1743.8975999999998     0.0507396053283
  1748.0761000000002     0.0507521071081
  1752.2595999999999     0.0507646020518
  1756.4480999999996     0.0507770907195
  1760.6416000000002     0.0507895725173
  1764.8400999999999     0.0508020480078
  1769.0436000000002     0.0508145165940
  1773.2520999999999     0.0508269794246
  1777.4655999999998     0.0508394353185
  1781.6841000000002     0.0508518848431
  1785.9075999999998     0.0508643279832
  1790.1361000000002     0.0508767647234
  1794.3696000000000     0.0508891944575
  1798.6080999999997     0.0509016183498
  1802.8516000000000     0.0509140357952
  1807.1000999999999     0.0509264467776
  1811.3536000000001     0.0509388512810
  1815.6121000000001     0.0509512498866
  1819.8755999999996     0.0509636419831
  1824.1441000000000     0.0509760275538
  1828.4175999999998     0.0509884065820
  1832.6961000000001     0.0510007796540
  1836.9795999999999     0.0510131467569
  1841.2680999999998     0.0510255072715
  1845.5616000000000     0.0510378617880
  1849.8600999999999     0.0510502096840
  1854.1636000000001     0.0510625515522
  1858.4721000000000     0.0510748873790
  1862.7855999999997     0.0510872165373
  1867.1041000000000     0.0510995396236
  1871.4275999999998     0.0511118572398
  1875.7561000000003     0.0511241681411
  1880.0896000000000     0.0511364729276
  1884.4280999999996     0.0511487715849
  1888.7716000000000     0.0511610640983
  1893.1200999999999     0.0511733504529
  1897.4736000000003     0.0511856312584
  1901.8320999999999     0.0511979058779
  1906.1955999999998     0.0512101736687
  1910.5641000000001     0.0512224364979
  1914.9375999999997     0.0512346924674
  1919.3161000000002     0.0512469428209
  1923.6995999999999     0.0512591869136
  1928.0880999999997     0.0512714253642
  1932.4816000000001     0.0512836581609
  1936.8800999999999     0.0512958840166
  1941.2836000000002     0.0513081048278
  1945.6921000000000     0.0513203193056
  1950.1055999999996     0.0513325280752
  1954.5241000000001     0.0513447304809
  1958.9475999999997     0.0513569277953
  1963.3761000000002     0.0513691187174
  1967.8096000000000     0.0513813032300
  1972.2480999999998     0.0513934826143
  1976.6916000000001     0.0514056562108
  1981.1400999999998     0.0514178240062
  1985.5936000000002     0.0514299853334
  1990.0520999999999     0.0514421414848
  1994.5155999999997     0.0514542917946
  1998.9841000000001     0.0514664362489
  2003.4575999999997     0.0514785748338
  2007.9361000000001     0.0514907081963
  2012.4195999999999     0.0515028350017
  2016.9080999999996     0.0515149565590
  2021.4016000000001     0.0515270721930
  2025.9000999999998     0.0515390357332
  2030.4036000000001     0.0515504060327
  2034.9121000000000     0.0515617710376
  2039.4255999999998     0.0515731293945
  2043.9441000000002     0.0515844831026
  2048.4675999999999     0.0515958308069
  2052.9961000000003     0.0516071731678
  2057.5295999999998     0.0516185094971
  2062.0680999999995     0.0516298404580
  2066.6116000000002     0.0516411653588
  2071.1600999999996     0.0516524855476
  2075.7136000000000     0.0516637996505
  2080.2721000000001     0.0516751083364
  2084.8355999999999     0.0516864109072
  2089.4041000000002     0.0516977087223
  2093.9775999999997     0.0517090010848
  2098.5561000000002     0.0517202872919
  2103.1396000000000     0.0517315687116
  2107.7280999999998     0.0517428439483
  2112.3216000000002     0.0517541143760
  2116.9200999999998     0.0517653792896
  2121.5236000000000     0.0517766379781
  2126.1320999999998     0.0517878918240
  2130.7455999999997     0.0517991408192
  2135.3641000000002     0.0518103835490
  2139.9875999999999     0.0518216214050
  2144.6161000000002     0.0518328536723
  2149.2496000000001     0.0518440803377
  2153.8880999999997     0.0518553020967
  2158.5316000000003     0.0518665182298
  2163.1801000000000     0.0518777287233
  2167.8336000000004     0.0518889342770
  2172.4920999999999     0.0519001341665
  2177.1555999999996     0.0519113290944
  2181.8241000000003     0.0519225190512
  2186.4975999999997     0.0519337033075
  2191.1761000000001     0.0519448825703
  2195.8595999999998     0.0519560561068
  2200.5480999999995     0.0519672246268
  2205.2416000000003     0.0519783881204
  2209.9400999999998     0.0519895465773
  2214.6436000000003     0.0520006992582
  2219.3521000000001     0.0520118468787
  2224.0655999999999     0.0520229894283
  2228.7841000000003     0.0520341268965
  2233.5075999999999     0.0520452585372
  2238.2361000000001     0.0520563858086
  2242.9695999999999     0.0520675079663
  2247.7080999999998     0.0520786242591
  2252.4515999999999     0.0520897361544
  2257.2001000000000     0.0521008429025
  2261.9536000000003     0.0521119437475
  2266.7120999999997     0.0521230401657
  2271.4755999999998     0.0521341314025
  2276.2440999999999     0.0521452174463
  2281.0175999999997     0.0521562982854
  2285.7961000000000     0.0521673746604
  2290.5796000000000     0.0521784458102
  2295.3680999999997     0.0521895117226
  2300.1615999999999     0.0522005723856
  2304.9600999999998     0.0522116285457
  2309.7636000000002     0.0522226794350
  2314.5720999999999     0.0522337250411
  2319.3855999999996     0.0522447661149
  2324.2040999999999     0.0522558026487
  2329.0275999999999     0.0522668331011
  2333.8561000000004     0.0522778597594
  2338.6896000000002     0.0522888803104
  2343.5280999999995     0.0522998970511
  2348.3715999999999     0.0523109084315
  2353.2201000000000     0.0523219144385
  2358.0736000000002     0.0523329158351
  2362.9321000000000     0.0523439126127
  2367.7955999999995     0.0523549047626
  2372.6641000000000     0.0523658914949
  2377.5375999999997     0.0523768735787
  2382.4161000000004     0.0523878502206
  2387.2995999999998     0.0523988229787
  2392.1880999999998     0.0524097902735
  2397.0816000000000     0.0524207528801
  2401.9800999999998     0.0524317107892
  2406.8836000000001     0.0524426639913
  2411.7921000000001     0.0524536124771
  2416.7055999999998     0.0524645562368
  2421.6241000000000     0.0524754944636
  2426.5475999999999     0.0524864287405
  2431.4761000000003     0.0524973574617
  2436.4096000000000     0.0525082822163
  2441.3480999999997     0.0525192021957
  2446.2916000000000     0.0525301173896
  2451.2401000000000     0.0525410277879
  2456.1936000000001     0.0525519333803
  2461.1520999999998     0.0525628341563
  2466.1155999999996     0.0525737301055
  2471.0841000000000     0.0525846220309
  2476.0575999999996     0.0525955091115
  2481.0361000000003     0.0526063913366
  2486.0196000000001     0.0526172686955
  2491.0080999999996     0.0526281419972
  2496.0016000000001     0.0526390104141
  2501.0000999999997     0.0526497549882
  2506.0036000000000     0.0526600188678
  2511.0120999999999     0.0526702786556
  2516.0255999999995     0.0526805343454
  2521.0441000000001     0.0526907851007
  2526.0675999999999     0.0527010309100
  2531.0961000000002     0.0527112725949
  2536.1295999999998     0.0527215093140
  2541.1680999999999     0.0527317418920
  2546.2116000000001     0.0527419694838
  2551.2601000000000     0.0527521929174
  2556.3136000000004     0.0527624113442
  2561.3721000000000     0.0527726255954
  2566.4355999999998     0.0527828356639
  2571.5041000000001     0.0527930406958
  2576.5775999999996     0.0528032415270
  2581.6561000000002     0.0528134381502
  2586.7395999999999     0.0528236297062
  2591.8280999999997     0.0528338170359
  2596.9216000000001     0.0528440001315
  2602.0200999999997     0.0528541789853
  2607.1236000000004     0.0528643527314
  2612.2320999999997     0.0528745230767
  2617.3455999999996     0.0528846882950
  2622.4641000000001     0.0528948483734
  2627.5875999999998     0.0529050050287
  2632.7161000000001     0.0529151573911
  2637.8496000000000     0.0529253045840
  2642.9880999999996     0.0529354483343
  2648.1316000000002     0.0529455868950
  2653.2800999999999     0.0529557219995
  2658.4336000000003     0.0529658518942
  2663.5920999999998     0.0529759783190
  2668.7555999999995     0.0529860995133
  2673.9241000000002     0.0529962163434
  2679.0975999999996     0.0530063296825
  2684.2761000000000     0.0530164386433
  2689.4596000000001     0.0530265423312
  2694.6480999999994     0.0530366425064
  2699.8416000000002     0.0530467382761
  2705.0400999999997     0.0530568296312
  2710.2436000000002     0.0530669174544
  2715.4521000000000     0.0530769999539
  2720.6655999999998     0.0530870789064
  2725.8841000000002     0.0530971534102
  2731.1075999999998     0.0531072234558
  2736.3361000000004     0.0531172899344
  2741.5695999999998     0.0531273510363
  2746.8080999999997     0.0531374094595
  2752.0516000000002     0.0531474624866
  2757.3000999999999     0.0531575119178
  2762.5536000000002     0.0531675568390
  2767.8121000000001     0.0531775972401
  2773.0755999999997     0.0531876340240
  2778.3441000000003     0.0531976671857
  2783.6175999999996     0.0532076948874
  2788.8961000000004     0.0532177198679
  2794.1795999999999     0.0532277393678
  2799.4680999999996     0.0532377552144
  2804.7616000000003     0.0532477674026
  2810.0600999999997     0.0532577750020
  2815.3636000000001     0.0532677789286
  2820.6720999999998     0.0532777782484
  2825.9855999999995     0.0532877738811
  2831.3041000000003     0.0532977648888
  2836.6275999999998     0.0533077521945
  2841.9561000000003     0.0533177357924
  2847.2896000000001     0.0533277147395
  2852.6280999999994     0.0533376899637
  2857.9716000000003     0.0533476605182
  2863.3200999999999     0.0533576282770
  2868.6736000000001     0.0533675904062
  2874.0320999999999     0.0533775497275
  2879.3955999999998     0.0533875043443
  2884.7640999999999     0.0533974551947
  2890.1375999999996     0.0534074022724
  2895.5161000000003     0.0534173455710
  2900.8995999999997     0.0534272841292
  2906.2880999999998     0.0534372198486
  2911.6815999999999     0.0534471508111
  2917.0800999999997     0.0534570779649
  2922.4836000000000     0.0534670003414
  2927.8921000000000     0.0534769198562
  2933.3055999999997     0.0534868345766
  2938.7240999999999     0.0534967464253
  2944.1475999999998     0.0535066534623
  2949.5761000000002     0.0535165566462
  2955.0095999999999     0.0535264569430
  2960.4480999999996     0.0535363524016
  2965.8915999999999     0.0535462439860
  2971.3400999999999     0.0535561316889
  2976.7936000000004     0.0535660155032
  2982.2521000000002     0.0535758954215
  2987.7155999999995     0.0535857714364
  2993.1840999999999     0.0535956445259
  2998.6576000000000     0.0536055127135
  3004.1361000000002     0.0536153769753
  3009.6196000000000     0.0536252382945
  3015.1080999999995     0.0536350946836
  3020.6016000000000     0.0536449481183
  3026.1000999999997     0.0536546995236
  3031.6036000000004     0.0536640546624
  3037.1120999999998     0.0536734058325
  3042.6255999999998     0.0536827530260
  3048.1441000000000     0.0536920972383
  3053.6675999999998     0.0537014364562
  3059.1961000000001     0.0537107726804
  3064.7296000000001     0.0537201048992
  3070.2680999999998     0.0537294341151
  3075.8116000000000     0.0537387583003
  3081.3600999999999     0.0537480794695
  3086.9136000000003     0.0537573966038
  3092.4721000000000     0.0537667107127
  3098.0355999999997     0.0537760207732
  3103.6041000000000     0.0537853267770
  3109.1776000000000     0.0537946287151
  3114.7561000000001     0.0538039276045
  3120.3395999999998     0.0538132224146
  3125.9280999999996     0.0538225141658
  3131.5216000000000     0.0538318018237
  3137.1200999999996     0.0538410853796
  3142.7236000000003     0.0538503658589
  3148.3321000000001     0.0538596422219
  3153.9455999999996     0.0538689154977
  3159.5641000000001     0.0538781846426
  3165.1875999999997     0.0538874496474
  3170.8161000000005     0.0538967115468
  3176.4495999999999     0.0539059703370
  3182.0880999999995     0.0539152249667
  3187.7316000000001     0.0539244754265
  3193.3800999999999     0.0539337227583
  3199.0336000000002     0.0539429669580
  3204.6920999999998     0.0539522069668
  3210.3555999999994     0.0539614438319
  3216.0241000000001     0.0539706764905
  3221.6976000000000     0.0539799059934
  3227.3761000000004     0.0539891323366
  3233.0596000000000     0.0539983544515
  3238.7480999999998     0.0540075723282
  3244.4416000000001     0.0540167880929
  3250.1400999999996     0.0540259996070
  3255.8436000000002     0.0540352068605
  3261.5520999999999     0.0540444119907
  3267.2655999999997     0.0540536128475
  3272.9841000000001     0.0540628104983
  3278.7075999999997     0.0540720038591
  3284.4361000000004     0.0540811940008
  3290.1695999999997     0.0540903809189
  3295.9080999999996     0.0540995646084
  3301.6516000000001     0.0541087439778
  3307.4000999999998     0.0541179201054
  3313.1536000000001     0.0541270929862
  3318.9121000000000     0.0541362626154
  3324.6755999999996     0.0541454278934
  3330.4441000000002     0.0541545899061
  3336.2175999999999     0.0541637497466
  3341.9961000000003     0.0541729041150
  3347.7795999999998     0.0541820563009
  3353.5680999999995     0.0541912052009
  3359.3616000000002     0.0542003497038
  3365.1600999999996     0.0542094920143
  3370.9636000000000     0.0542186299133
  3376.7721000000001     0.0542277645014
  3382.5855999999994     0.0542368957730
  3388.4041000000002     0.0542460237228
  3394.2275999999997     0.0542551483453
  3400.0561000000002     0.0542642696348
  3405.8896000000000     0.0542733875858
  3411.7280999999998     0.0542825021927
  3417.5716000000002     0.0542916123246
  3423.4200999999998     0.0543007202241
  3429.2736000000004     0.0543098247622
  3435.1320999999998     0.0543189248022
  3440.9955999999997     0.0543280225982
  3446.8641000000002     0.0543371170151
  3452.7375999999999     0.0543462080472
  3458.6161000000002     0.0543552945497
  3464.4996000000001     0.0543643787919
  3470.3880999999997     0.0543734596311
  3476.2816000000003     0.0543825370611
  3482.1800999999996     0.0543916110757
  3488.0836000000004     0.0544006816688
  3493.9920999999999     0.0544097488340
  3499.9055999999996     0.0544188137173
  3505.8241000000003     0.0544278740098
  3511.7475999999997     0.0544369320115
  3517.6761000000001     0.0544459865638
  3523.6095999999998     0.0544550376603
  3529.5480999999995     0.0544640852943
  3535.4916000000003     0.0544731294593
  3541.4400999999998     0.0544821701488
  3547.3936000000003     0.0544912085239
  3553.3521000000001     0.0545002434139
  3559.3155999999994     0.0545092748123
  3565.2841000000003     0.0545183027121
  3571.2575999999999     0.0545273271067
  3577.2361000000001     0.0545363491667
  3583.2195999999999     0.0545453677116
  3589.2080999999994     0.0545543827344
  3595.2016000000003     0.0545633942281
  3601.2000999999996     0.0545723207652
  3607.2036000000003     0.0545809133391
  3613.2120999999997     0.0545895023666
  3619.2255999999998     0.0545980890321
  3625.2440999999999     0.0546066721409
  3631.2675999999997     0.0546152516858
  3637.2961000000005     0.0546238276595
  3643.3296000000000     0.0546324012541
  3649.3680999999997     0.0546409712668
  3655.4115999999999     0.0546495388936
  3661.4600999999998     0.0546581029277
  3667.5136000000002     0.0546666633615
  3673.5720999999999     0.0546752213970
  3679.6355999999996     0.0546837758211
  3685.7040999999999     0.0546923266264
  3691.7775999999999     0.0547008750204
  3697.8561000000004     0.0547094197842
  3703.9396000000002     0.0547179621294
  3710.0280999999995     0.0547265008330
  3716.1215999999999     0.0547350358870
  3722.2200999999995     0.0547435685090
  3728.3236000000002     0.0547520986972
  3734.4321000000000     0.0547606252203
  3740.5455999999995     0.0547691480704
  3746.6641000000000     0.0547776684728
  3752.7875999999997     0.0547861851902
  3758.9161000000004     0.0547946994518
  3765.0495999999998     0.0548032100162
  3771.1880999999994     0.0548117181167
  3777.3316000000000     0.0548202225077
  3783.4800999999998     0.0548287244264
  3789.6336000000001     0.0548372238707
  3795.7921000000001     0.0548457195887
  3801.9555999999998     0.0548542115722
  3808.1241000000000     0.0548627010663
  3814.2975999999999     0.0548711880686
  3820.4761000000003     0.0548796713193
  3826.6596000000000     0.0548881520693
  3832.8480999999997     0.0548966290547
  3839.0416000000000     0.0549051035305
  3845.2400999999995     0.0549135754943
  3851.4436000000001     0.0549220436757
  3857.6520999999998     0.0549305093358
  3863.8655999999996     0.0549389712002
  3870.0841000000000     0.0549474305340
  3876.3075999999996     0.0549558873346
  3882.5361000000003     0.0549643403212
  3888.7696000000001     0.0549727907650
  3895.0080999999996     0.0549812386634
  3901.2516000000001     0.0549896827291
  3907.5000999999997     0.0549981242396
  3913.7536000000005     0.0550065631919
  3920.0120999999999     0.0550149995832
  3926.2755999999995     0.0550234321181
  3932.5441000000001     0.0550318620819
  3938.8175999999999     0.0550402881750
  3945.0961000000002     0.0550487116869
  3951.3795999999998     0.0550571326146
  3957.6680999999994     0.0550655509550
  3963.9616000000001     0.0550739667048
  3970.2601000000000     0.0550823785541
  3976.5636000000004     0.0550907878024
  3982.8721000000000     0.0550991944465
  3989.1855999999998     0.0551075971699
  3995.5041000000001     0.0551159985939
  4001.8275999999996     0.0551243960863
  4008.1561000000002     0.0551327909573
  4014.4895999999999     0.0551411832033
  4020.8280999999997     0.0551495714974
  4027.1716000000001     0.0551579584813
  4033.5200999999997     0.0551663415021
  4039.8736000000004     0.0551747218801
  4046.2320999999997     0.0551830996115
  4052.5955999999996     0.0551914746930
  4058.9641000000001     0.0551998457847
  4065.3375999999998     0.0552082155532
  4071.7161000000001     0.0552165813205
  4078.0996000000000     0.0552249444190
  4084.4880999999996     0.0552333048449
  4090.8816000000002     0.0552416625947
  4097.2801000000009     0.0552500176644
  4103.6836000000003     0.0552583700503
  4110.0920999999998     0.0552667183955
  4116.5055999999995     0.0552750654001
  4122.9240999999993     0.0552834083519
  4129.3476000000010     0.0552917499596
  4135.7761000000000     0.0553000875023
  4142.2096000000001     0.0553084223336
  4148.6480999999994     0.0553167544492
  4155.0915999999988     0.0553250852131
  4161.5401000000011     0.0553334118875
  4167.9936000000007     0.0553417358340
  4174.4520999999995     0.0553500570486
  4180.9155999999994     0.0553583755270
  4187.3840999999993     0.0553666912650
  4193.8576000000003     0.0553750042585
  4200.3361000000004     0.0553833145031
  4206.8195999999998     0.0553916219946
  4213.3080999999993     0.0553999267286
  4219.8015999999989     0.0554082287007
  4226.3001000000004     0.0554164575602
  4232.8036000000002     0.0554244022632
  4239.3121000000001     0.0554323441911
  4245.8255999999992     0.0554402833396
  4252.3440999999993     0.0554482197040
  4258.8676000000005     0.0554561532799
  4265.3960999999999     0.0554640854669
  4271.9295999999995     0.0554720134541
  4278.4680999999991     0.0554799386391
  4285.0115999999989     0.0554878624278
  4291.5601000000006     0.0554957819964
  4298.1136000000006     0.0555037001636
  4304.6720999999998     0.0555116155141
  4311.2356000000000     0.0555195280432
  4317.8040999999994     0.0555274363245
  4324.3776000000007     0.0555353431941
  4330.9561000000003     0.0555432486535
  4337.5396000000001     0.0555511498486
  4344.1280999999999     0.0555590481979
  4350.7215999999989     0.0555669451289
  4357.3201000000008     0.0555748377743
  4363.9236000000001     0.0555827289957
  4370.5321000000004     0.0555906173559
  4377.1455999999998     0.0555985028498
  4383.7640999999994     0.0556063854725
  4390.3876000000009     0.0556142666640
  4397.0161000000007     0.0556221435309
  4403.6495999999997     0.0556300189607
  4410.2880999999998     0.0556378915031
  4416.9315999999990     0.0556457611527
  4423.5801000000010     0.0556536279044
  4430.2336000000005     0.0556614932113
  4436.8921000000000     0.0556693556141
  4443.5555999999997     0.0556772151075
  4450.2240999999995     0.0556850716861
  4456.8976000000002     0.0556929253446
  4463.5761000000002     0.0557007775469
  4470.2596000000003     0.0557086253510
  4476.9480999999996     0.0557164731664
  4483.6415999999990     0.0557243165726
  4490.3401000000003     0.0557321570358
  4497.0436000000000     0.0557399960309
  4503.7520999999997     0.0557478320763
  4510.4655999999995     0.0557556651664
  4517.1840999999995     0.0557634967826
  4523.9076000000005     0.0557713254368
  4530.6361000000006     0.0557791511231
  4537.3696000000000     0.0557869738359
  4544.1080999999995     0.0557947950655
  4550.8515999999991     0.0558026133145
  4557.6001000000006     0.0558104285772
  4564.3536000000004     0.0558182423504
  4571.1121000000003     0.0558260531301
  4577.8755999999994     0.0558338609105
  4584.6440999999995     0.0558416656856
  4591.4176000000007     0.0558494689611
  4598.1961000000001     0.0558572692239
  4604.9795999999997     0.0558650679842
  4611.7680999999993     0.0558728637244
  4618.5615999999991     0.0558806564384
  4625.3601000000008     0.0558884461203
  4632.1635999999999     0.0558962342889
  4638.9721000000000     0.0559040194176
  4645.7855999999992     0.0559118030298
  4652.6040999999996     0.0559195835944
  4659.4276000000009     0.0559273611052
  4666.2561000000005     0.0559351370922
  4673.0896000000002     0.0559429100175
  4679.9280999999992     0.0559506798747
  4686.7715999999991     0.0559584482007
  4693.6201000000010     0.0559662134507
  4700.4736000000003     0.0559739771657
  4707.3320999999996     0.0559817377965
  4714.1955999999991     0.0559894953368
  4721.0640999999987     0.0559972513343
  4727.9376000000011     0.0560050042329
  4734.8161000000000     0.0560127555849
  4741.6995999999999     0.0560205038297
  4748.5880999999999     0.0560282505239
  4755.4815999999992     0.0560359941023
  4762.3801000000003     0.0560437345585
  4769.2836000000007     0.0560514734558
  4776.1921000000002     0.0560592092221
  4783.1055999999999     0.0560669434254
  4790.0240999999987     0.0560746744891
  4796.9476000000004     0.0560824039856
  4803.8761000000004     0.0560901303335
  4810.8095999999996     0.0560978551100
  4817.7480999999998     0.0561055767290
  4824.6915999999992     0.0561132951838
  4831.6401000000005     0.0561210136487
  4838.5936000000002     0.0561287273521
  4845.5520999999999     0.0561364394705
  4852.5155999999997     0.0561441500040
  4859.4840999999988     0.0561518573527
  4866.4576000000006     0.0561595615097
  4873.4360999999999     0.0561672640725
  4880.4196000000002     0.0561749650410
  4887.4080999999996     0.0561826628060
  4894.4015999999992     0.0561903589719
  4901.4001000000007     0.0561979912109
  4908.4036000000006     0.0562053773740
  4915.4120999999996     0.0562127635465
  4922.4255999999996     0.0562201448735
  4929.4440999999988     0.0562275262094
  4936.4676000000009     0.0562349026856
  4943.4961000000003     0.0562422791702
  4950.5295999999998     0.0562496524103
  4957.5680999999995     0.0562570223988
  4964.6115999999993     0.0562643907627
  4971.6601000000010     0.0562717575018
  4978.7136000000000     0.0562791209765
  4985.7721000000001     0.0562864828210
  4992.8355999999994     0.0562938413913
  4999.9040999999988     0.0563011983258
  5006.9776000000011     0.0563085536241
  5014.0561000000007     0.0563159056353
  5021.1395999999995     0.0563232560047
  5028.2280999999994     0.0563306030766
  5035.3215999999993     0.0563379485012
  5042.4201000000003     0.0563452922779
  5049.5236000000004     0.0563526327438
  5056.6320999999998     0.0563599715561
  5063.7455999999993     0.0563673070471
  5070.8640999999989     0.0563746408787
  5077.9876000000004     0.0563819730501
  5085.1161000000002     0.0563893018867
  5092.2496000000001     0.0563966290571
  5099.3880999999992     0.0564039528822
  5106.5315999999993     0.0564112767160
  5113.6801000000005     0.0564185971984
  5120.8335999999999     0.0564259143213
  5127.9920999999995     0.0564332297652
  5135.1555999999991     0.0564405435292
  5142.3240999999989     0.0564478539199
  5149.4976000000006     0.0564551643196
  5156.6761000000006     0.0564624696420
  5163.8595999999998     0.0564697749719
  5171.0480999999991     0.0564770769108
  5178.2415999999994     0.0564843771555
  5185.4401000000007     0.0564916739981
  5192.6436000000003     0.0564989708494
  5199.8521000000001     0.0565062642919
  5207.0655999999999     0.0565135543178
  5214.2840999999989     0.0565208426352
  5221.5076000000008     0.0565281292435
  5228.7361000000001     0.0565354141414
  5235.9696000000004     0.0565426973281
  5243.2080999999998     0.0565499770764
  5250.4515999999994     0.0565572551065
  5257.7001000000009     0.0565645296867
  5264.9536000000007     0.0565718025418
  5272.2120999999997     0.0565790736708
  5279.4755999999998     0.0565863430725
  5286.7440999999990     0.0565936107458
  5294.0176000000010     0.0566008749468
  5301.2961000000005     0.0566081374123
  5308.5796000000000     0.0566153981412
  5315.8680999999997     0.0566226553822
  5323.1615999999995     0.0566299108792
  5330.4601000000011     0.0566371646312
  5337.7636000000002     0.0566444166367
  5345.0721000000003     0.0566516651350
  5352.3855999999996     0.0566589136416
  5359.7040999999990     0.0566661586335
  5367.0276000000003     0.0566734001021
  5374.3561000000000     0.0566806415775
  5381.6895999999997     0.0566878795221
  5389.0280999999995     0.0566951174755
  5396.3715999999995     0.0567023501141
  5403.7201000000005     0.0567095827586
  5411.0736000000006     0.0567168136337
  5418.4321000000000     0.0567240409541
  5425.7955999999995     0.0567312664972
  5433.1640999999991     0.0567384902617
  5440.5376000000006     0.0567457122459
  5447.9161000000004     0.0567529306549
  5455.2996000000003     0.0567601472758
  5462.6880999999994     0.0567673621071
  5470.0815999999995     0.0567745751472
  5477.4801000000007     0.0567817863945
  5484.8836000000001     0.0567889958474
  5492.2920999999997     0.0567962016964
  5499.7055999999993     0.0568034057428
  5507.1240999999991     0.0568106097981
  5514.5476000000008     0.0568178084217
  5521.9761000000008     0.0568250070509
  5529.4096000000000     0.0568322038709
  5536.8480999999992     0.0568393970573
  5544.2915999999987     0.0568465902514
  5551.7401000000009     0.0568537798037
  5559.1936000000005     0.0568609675350
  5566.6521000000002     0.0568681534435
  5574.1155999999992     0.0568753356926
  5581.5840999999991     0.0568825179480
  5589.0576000000010     0.0568896965352
  5596.5361000000003     0.0568968751300
  5604.0195999999996     0.0569040500482
  5611.5080999999991     0.0569112231277
  5619.0015999999987     0.0569183943668
  5626.5001000000011     0.0569255110766
  5634.0036000000000     0.0569324133398
  5641.5120999999999     0.0569393156091
  5649.0255999999999     0.0569462160302
  5656.5440999999992     0.0569531127391
  5664.0676000000012     0.0569600075909
  5671.5961000000007     0.0569669005836
  5679.1296000000002     0.0569737917153
  5686.6680999999999     0.0569806828560
  5694.2115999999987     0.0569875683874
  5701.7601000000004     0.0569944539237
  5709.3136000000004     0.0570013375908
  5716.8720999999996     0.0570082193865
  5724.4355999999998     0.0570150974243
  5732.0040999999992     0.0570219754685
  5739.5776000000005     0.0570288497456
  5747.1561000000002     0.0570357221378
  5754.7395999999999     0.0570425945375
  5762.3280999999997     0.0570494631561
  5769.9215999999988     0.0570563298833
  5777.5201000000006     0.0570631947169
  5785.1235999999999     0.0570700576546
  5792.7321000000002     0.0570769186944
  5800.3455999999996     0.0570837778338
  5807.9640999999992     0.0570906350707
  5815.5876000000007     0.0570974904026
  5823.2161000000006     0.0571043438275
  5830.8495999999996     0.0571111953428
  5838.4880999999996     0.0571180430242
  5846.1315999999988     0.0571248907110
  5853.7801000000009     0.0571317364813
  5861.4336000000003     0.0571385784030
  5869.0920999999998     0.0571454203306
  5876.7555999999995     0.0571522583998
  5884.4240999999993     0.0571590964749
  5892.0976000000010     0.0571659306818
  5899.7761000000000     0.0571727648949
  5907.4596000000001     0.0571795971744
  5915.1480999999994     0.0571864255707
  5922.8415999999988     0.0571932520235
  5930.5401000000011     0.0572000784825
  5938.2436000000007     0.0572069010432
  5945.9520999999995     0.0572137236102
  5953.6655999999994     0.0572205422686
  5961.3840999999993     0.0572273609332
  5969.1076000000012     0.0572341756790
  5976.8361000000004     0.0572409904310
  5984.5695999999998     0.0572478012539
  5992.3080999999993     0.0572546120827
  6000.0515999999989     0.0572614189721
  6007.8001000000004     0.0572682258672
  6015.5536000000002     0.0572750307927
  6023.3121000000001     0.0572818317631
  6031.0755999999992     0.0572886327389
  6038.8440999999993     0.0572954317369
  6046.6176000000005     0.0573022267639
  6054.3960999999999     0.0573090217959
  6062.1795999999995     0.0573158148418
  6069.9680999999991     0.0573226058991
  6077.7615999999989     0.0573293929640
  6085.5601000000006     0.0573361800329
  6093.3636000000006     0.0573429651047
  6101.1720999999998     0.0573497481765
  6108.9855999999991     0.0573565292455
  6116.8040999999994     0.0573633083089
  6124.6276000000007     0.0573700873799
  6132.4561000000003     0.0573768624259
  6140.2896000000001     0.0573836354575
  6148.1280999999999     0.0573904064718
  6155.9715999999989     0.0573971774926
  6163.8201000000008     0.0574039444662
  6171.6736000000001     0.0574107114454
  6179.5321000000004     0.0574174764007
  6187.3955999999998     0.0574242372922
  6195.2640999999994     0.0574309981882
  6203.1376000000009     0.0574377570512
  6211.0161000000007     0.0574445138783
  6218.8995999999997     0.0574512686664
  6226.7880999999998     0.0574580214124
  6234.6815999999990     0.0574647721134
  6242.5801000000010     0.0574715228211
  6250.4836000000005     0.0574782694252
  6258.3921000000000     0.0574850139747
  6266.3055999999997     0.0574917585296
  6274.2240999999995     0.0574985010290
  6282.1476000000011     0.0575052414697
  6290.0761000000002     0.0575119777780
  6298.0096000000003     0.0575187140893
  6305.9480999999996     0.0575254504083
  6313.8915999999990     0.0575321825827
  6321.8401000000013     0.0575389126824
  6329.7936000000000     0.0575456427880
  6337.7520999999997     0.0575523687313
  6345.7155999999995     0.0575590946793
  6353.6840999999986     0.0575658185448
  6361.6576000000005     0.0575725403246
  6369.6361000000006     0.0575792600154
  6377.6196000000000     0.0575859776138
  6385.6080999999995     0.0575926931166
  6393.6015999999991     0.0575994086250
  6401.6001000000006     0.0576060756253
  6409.6036000000004     0.0576125527703
  6417.6121000000003     0.0576190299189
  6425.6255999999994     0.0576255049601
  6433.6440999999986     0.0576319778907
  6441.6676000000007     0.0576384508278
  6449.6961000000001     0.0576449195293
  6457.7295999999997     0.0576513882357
  6465.7680999999993     0.0576578548230
  6473.8115999999991     0.0576643192875
  6481.8601000000008     0.0576707816259
  6489.9136000000008     0.0576772418345
  6497.9721000000000     0.0576836999100
  6506.0355999999992     0.0576901579906
  6514.1040999999987     0.0576966139362
  6522.1776000000009     0.0577030677432
  6530.2561000000005     0.0577095194082
  6538.3396000000002     0.0577159689275
  6546.4280999999992     0.0577224184526
  6554.5215999999991     0.0577288636723
  6562.6201000000010     0.0577353088960
  6570.7236000000003     0.0577417519648
  6578.8320999999996     0.0577481928752
  6586.9455999999991     0.0577546337918
  6595.0640999999987     0.0577610703769
  6603.1876000000011     0.0577675069663
  6611.3161000000000     0.0577739413877
  6619.4495999999999     0.0577803736376
  6627.5880999999990     0.0577868037122
  6635.7315999999992     0.0577932337922
  6643.8801000000012     0.0577996595076
  6652.0336000000007     0.0578060852263
  6660.1921000000002     0.0578125087600
  6668.3555999999999     0.0578189323002
  6676.5240999999987     0.0578253514552
  6684.6976000000004     0.0578317706144
  6692.8761000000004     0.0578381875788
  6701.0595999999996     0.0578446023445
  6709.2480999999998     0.0578510149076
  6717.4415999999992     0.0578574274758
  6725.6401000000005     0.0578638378390
  6733.8436000000002     0.0578702459934
  6742.0520999999999     0.0578766519350
  6750.2655999999997     0.0578830578823
  6758.4840999999988     0.0578894593895
  6766.7076000000006     0.0578958608998
  6774.9361000000008     0.0579022601871
  6783.1696000000002     0.0579086594804
  6791.4080999999996     0.0579150543123
  6799.6515999999992     0.0579214491477
  6807.9001000000007     0.0579278417496
  6816.1536000000006     0.0579342343577
  6824.4120999999996     0.0579406224830
  6832.6755999999996     0.0579470106120
  6840.9440999999988     0.0579533964967
  6849.2176000000009     0.0579597801330
  6857.4961000000003     0.0579661637744
  6865.7795999999998     0.0579725451648
  6874.0680999999995     0.0579789242999
  6882.3615999999993     0.0579853011757
  6890.6601000000010     0.0579916780565
  6898.9636000000000     0.0579980504041
  6907.2721000000001     0.0580044227538
  6915.5855999999994     0.0580107951097
  6923.9040999999988     0.0580171629170
  6932.2276000000011     0.0580235307277
  6940.5561000000007     0.0580298962609
  6948.8895999999995     0.0580362617998
  6957.2280999999994     0.0580426227680
  6965.5715999999993     0.0580489837391
  6973.9201000000012     0.0580553447169
  6982.2736000000004     0.0580617011085
  6990.6320999999998     0.0580680575038
  6998.9955999999993     0.0580744116029
  7007.3640999999989     0.0580807634013
  7015.7376000000013     0.0580871152045
  7024.1161000000002     0.0580934647039
  7032.4996000000001     0.0580998118952
  7040.8880999999992     0.0581061567741
  7049.2815999999993     0.0581125016569
  7057.6801000000005     0.0581188442241
  7066.0835999999999     0.0581251844713
  7074.4920999999995     0.0581315247230
  7082.9055999999991     0.0581378626514
  7091.3240999999989     0.0581441982521
  7099.7476000000006     0.0581505338580
  7108.1761000000006     0.0581568647928
  7116.6095999999998     0.0581631980722
  7125.0480999999991     0.0581695266717
  7133.4915999999994     0.0581758552750
  7141.9401000000007     0.0581821815350
  7150.3936000000003     0.0581885054472
  7158.8521000000001     0.0581948293637
  7167.3155999999990     0.0582011509289
  7175.7840999999989     0.0582074701382
  7184.2576000000008     0.0582137869871
  7192.7361000000001     0.0582201038389
  7201.2196000000004     0.0582264206973
  7209.7080999999998     0.0582327328194
  7218.2015999999985     0.0582390449445
  7226.7001000000009     0.0582453135405
  7235.2036000000007     0.0582514175131
  7243.7120999999997     0.0582575191100
  7252.2255999999998     0.0582636183265
  7260.7440999999990     0.0582697151578
  7269.2676000000010     0.0582758119924
  7277.7961000000005     0.0582819064381
  7286.3296000000000     0.0582880008890
  7294.8680999999997     0.0582940905458
  7303.4115999999985     0.0583001826083
  7311.9601000000011     0.0583062698672
  7320.5136000000002     0.0583123571293
  7329.0721000000003     0.0583184419854
  7337.6355999999996     0.0583245268465
  7346.2040999999990     0.0583306068794
  7354.7776000000013     0.0583366893346
  7363.3561000000000     0.0583427669519
  7371.9395999999997     0.0583488445721
  7380.5280999999995     0.0583549197688
  7389.1215999999986     0.0583609949699
  7397.7201000000005     0.0583670677438
  7406.3236000000006     0.0583731380854
  7414.9321000000000     0.0583792084310
  7423.5455999999995     0.0583852763404
  7432.1640999999991     0.0583913418087
  7440.7876000000006     0.0583974072804
  7449.4161000000004     0.0584034703069
  7458.0496000000003     0.0584095333386
  7466.6880999999994     0.0584155939208
  7475.3315999999986     0.0584216520486
  7483.9801000000007     0.0584277077172
  7492.6336000000001     0.0584337633882
  7501.2920999999997     0.0584398190650
  7509.9555999999993     0.0584458698068
  7518.6240999999991     0.0584519230254
  7527.2976000000008     0.0584579712989
  7535.9761000000008     0.0584640195755
  7544.6596000000000     0.0584700653749
  7553.3480999999992     0.0584761111787
  7562.0415999999987     0.0584821545011
  7570.7401000000009     0.0584881953370
  7579.4436000000005     0.0584942361763
  7588.1521000000002     0.0585002745247
  7596.8655999999992     0.0585063103770
  7605.5840999999991     0.0585123462320
  7614.3076000000010     0.0585183795864
  7623.0361000000003     0.0585244129447
  7631.7695999999996     0.0585304437979
  7640.5080999999991     0.0585364746562
  7649.2515999999987     0.0585425030048
  7658.0001000000011     0.0585485288387
  7666.7536000000000     0.0585545521527
  7675.5120999999999     0.0585605779950
  7684.2755999999990     0.0585665987889
  7693.0440999999992     0.0585726195856
  7701.8176000000012     0.0585786378530
  7710.5961000000007     0.0585846561242
  7719.3796000000002     0.0585906718615
  7728.1680999999990     0.0585966850596
  7736.9615999999987     0.0586026982603
  7745.7601000000013     0.0586087114669
  7754.5636000000004     0.0586147195772
  7763.3720999999996     0.0586207276887
  7772.1855999999998     0.0586267358048
  7781.0040999999992     0.0586327413673
  7789.8276000000005     0.0586387443709
  7798.6561000000002     0.0586447473775
  7807.4895999999999     0.0586507478204
  7816.3280999999997     0.0586567482673
  7825.1715999999988     0.0586627461454
  7834.0201000000006     0.0586687414495
  7842.8736000000008     0.0586747367560
  7851.7321000000002     0.0586807320682
  7860.5955999999996     0.0586867222140
  7869.4640999999992     0.0586927149513
  7878.3376000000007     0.0586987025113
  7887.2161000000006     0.0587046900728
  7896.0995999999996     0.0587106776392
  7904.9880999999996     0.0587166626114
  7913.8815999999988     0.0587226449839
  7922.7801000000009     0.0587286273595
  7931.6836000000003     0.0587346071303
  7940.5920999999998     0.0587405869048
  7949.5055999999995     0.0587465640693
  7958.4240999999993     0.0587525412383
  7967.3476000000010     0.0587585157921
  7976.2761000000000     0.0587644877252
  7985.2096000000001     0.0587704596608
  7994.1480999999994     0.0587764289703
  8003.0915999999988     0.0587823982830
  8012.0401000000011     0.0587883649644
  8020.9936000000007     0.0587943316495
  8029.9520999999995     0.0588002956980
  8038.9155999999994     0.0588062597507
  8047.8840999999993     0.0588122211614
  8056.8576000000012     0.0588181799246
  8065.8361000000004     0.0588241386898
  8074.8195999999998     0.0588300948020
  8083.8080999999993     0.0588360509167
  8092.8015999999989     0.0588420070372
  8101.8001000000013     0.0588479344490
  8110.8036000000002     0.0588537709978
  8119.8121000000001     0.0588596022097
  8128.8255999999992     0.0588654360985
  8137.8440999999984     0.0588712646389
  8146.8676000000005     0.0588770931804
  8155.8961000000008     0.0588829217261
  8164.9295999999995     0.0588887475911
  8173.9680999999991     0.0588945734608
  8183.0115999999989     0.0589003966443
  8192.0601000000006     0.0589062171357
  8201.1136000000006     0.0589120376292
  8210.1720999999998     0.0589178554251
  8219.2356000000000     0.0589236732233
  8228.3040999999994     0.0589294910268
  8237.3776000000016     0.0589353034154
  8246.4561000000012     0.0589411185184
  8255.5396000000001     0.0589469309125
  8264.6280999999999     0.0589527405917
  8273.7215999999989     0.0589585502738
  8282.8201000000008     0.0589643572353
  8291.9236000000001     0.0589701642000
  8301.0321000000004     0.0589759684381
  8310.1455999999998     0.0589817726796
  8319.2640999999985     0.0589875352649
  8328.3876000000018     0.0589932498939
  8337.5161000000007     0.0589989617847
  8346.6496000000006     0.0590046709313
  8355.7880999999998     0.0590103828291
  8364.9315999999981     0.0590160892290
  8374.0801000000010     0.0590217956294
  8383.2335999999996     0.0590275020335
  8392.3920999999991     0.0590332056814
  8401.5555999999997     0.0590389093329
  8410.7240999999995     0.0590446102222
  8419.8976000000002     0.0590503111151
  8429.0761000000002     0.0590560092398
  8438.2595999999994     0.0590617073679
  8447.4480999999996     0.0590674027218
  8456.6415999999990     0.0590730980791
  8465.8401000000013     0.0590787906559
  8475.0436000000009     0.0590844804460
  8484.2520999999997     0.0590901730296
  8493.4655999999995     0.0590958600303
  8502.6840999999986     0.0591015498303
  8511.9076000000005     0.0591072340353
  8521.1360999999997     0.0591129210453
  8530.3696000000000     0.0591186024481
  8539.6080999999995     0.0591242866619
  8548.8515999999981     0.0591299652559
  8558.1001000000015     0.0591356466668
  8567.3536000000004     0.0591413252661
  8576.6121000000003     0.0591470010473
  8585.8755999999994     0.0591526768308
  8595.1440999999995     0.0591583497900
  8604.4176000000007     0.0591640227512
  8613.6961000000010     0.0591696928816
  8622.9796000000006     0.0591753630138
  8632.2680999999993     0.0591810331506
  8641.5615999999991     0.0591867004501
  8650.8601000000017     0.0591923677538
  8660.1635999999999     0.0591980322137
  8669.4720999999990     0.0592036938236
  8678.7855999999992     0.0592093554341
  8688.1040999999987     0.0592150170481
  8697.4276000000009     0.0592206758053
  8706.7561000000005     0.0592263345656
  8716.0895999999993     0.0592319904625
  8725.4280999999992     0.0592376463621
  8734.7715999999982     0.0592432993917
  8744.1201000000001     0.0592489524235
  8753.4736000000012     0.0592546054604
  8762.8320999999996     0.0592602556203
  8772.1955999999991     0.0592659028971
  8781.5640999999996     0.0592715501750
  8790.9376000000011     0.0592771974570
  8800.3161000000000     0.0592828418487
  8809.6995999999999     0.0592884833437
  8819.0880999999990     0.0592941277421
  8828.4815999999992     0.0592997663368
  8837.8801000000003     0.0593054078406
  8847.2836000000007     0.0593110464403
  8856.6921000000002     0.0593166821294
  8866.1055999999990     0.0593223178203
  8875.5240999999987     0.0593279505937
  8884.9476000000013     0.0593335833681
  8894.3761000000013     0.0593392161464
  8903.8096000000005     0.0593448460002
  8913.2480999999989     0.0593504758570
  8922.6915999999983     0.0593561027823
  8932.1401000000005     0.0593617297101
  8941.5936000000002     0.0593673536994
  8951.0521000000008     0.0593729776904
  8960.5155999999988     0.0593786016858
  8969.9840999999997     0.0593842227355
  8979.4576000000015     0.0593898437888
  8988.9361000000008     0.0593954618894
  8998.4195999999993     0.0594010799928
  9007.9080999999987     0.0594066951363
  9017.4015999999992     0.0594123102819
  9026.9001000000007     0.0594178937499
  9036.4035999999996     0.0594233623759
  9045.9120999999996     0.0594288310059
  9055.4255999999987     0.0594342966614
  9064.9440999999988     0.0594397623199
  9074.4676000000018     0.0594452249969
  9083.9961000000003     0.0594506876760
  9093.5295999999998     0.0594561473663
  9103.0680999999986     0.0594616070579
  9112.6115999999984     0.0594670667532
  9122.1601000000010     0.0594725234522
  9131.7136000000010     0.0594779801542
  9141.2721000000001     0.0594834338523
  9150.8355999999985     0.0594888875524
  9160.4040999999979     0.0594943382415
  9169.9776000000002     0.0594997919504
  9179.5560999999998     0.0595052396253
  9189.1396000000004     0.0595106873001
  9198.7280999999984     0.0595161349775
  9208.3215999999993     0.0595215826601
  9217.9201000000012     0.0595270273159
  9227.5236000000004     0.0595324689382
  9237.1321000000007     0.0595379105608
  9246.7456000000002     0.0595433521865
  9256.3640999999989     0.0595487907707
  9265.9876000000004     0.0595542293566
  9275.6161000000011     0.0595596679472
  9285.2495999999992     0.0595651034882
  9294.8881000000001     0.0595705359726
  9304.5315999999984     0.0595759715197
  9314.1801000000014     0.0595814009428
  9323.8335999999999     0.0595868334338
  9333.4920999999995     0.0595922628595
  9343.1556000000000     0.0595976922887
  9352.8240999999980     0.0596031186453
  9362.4976000000006     0.0596085450040
  9372.1761000000006     0.0596139682824
  9381.8595999999998     0.0596193915618
  9391.5481000000000     0.0596248148449
  9401.2415999999994     0.0596302350392
  9410.9401000000016     0.0596356552359
  9420.6436000000012     0.0596410723362
  9430.3521000000001     0.0596464894375
  9440.0655999999999     0.0596519065425
  9449.7840999999989     0.0596573205426
  9459.5076000000008     0.0596627345449
  9469.2361000000001     0.0596681454347
  9478.9696000000004     0.0596735563254
  9488.7080999999998     0.0596789672194
  9498.4515999999985     0.0596843749925
  9508.2001000000018     0.0596897827675
  9517.9536000000007     0.0596951905471
  9527.7121000000006     0.0597005951970
  9537.4755999999998     0.0597059967103
  9547.2440999999981     0.0597114013656
  9557.0176000000010     0.0597168028828
  9566.7960999999996     0.0597222012547
  9576.5795999999991     0.0597275996267
  9586.3680999999997     0.0597329980013
  9596.1615999999995     0.0597383963810
  9605.9601000000002     0.0597437916059
  9615.7636000000002     0.0597491836689
  9625.5720999999994     0.0597545757314
  9635.3855999999996     0.0597599677959
  9645.2040999999990     0.0597653598650
  9655.0276000000013     0.0597707487624
  9664.8561000000009     0.0597761376628
  9674.6895999999997     0.0597815233837
  9684.5280999999995     0.0597869091058
  9694.3715999999986     0.0597922916403
  9704.2201000000005     0.0597976773691
  9714.0735999999997     0.0598030599087
  9723.9321000000000     0.0598084392516
  9733.7955999999995     0.0598138185950
  9743.6640999999981     0.0598191979413
  9753.5376000000015     0.0598245740820
  9763.4161000000004     0.0598299502240
  9773.2996000000003     0.0598353263696
  9783.1880999999994     0.0598406993005
  9793.0815999999995     0.0598460722333
  9802.9801000000007     0.0598514419433
  9812.8836000000010     0.0598568148839
  9822.7921000000006     0.0598621813662
  9832.7055999999993     0.0598675510839
  9842.6240999999991     0.0598729175687
  9852.5476000000017     0.0598782808131
  9862.4760999999999     0.0598836473034
  9872.4095999999990     0.0598890105515
  9882.3480999999992     0.0598943705501
  9892.2915999999987     0.0598997338049
  9902.2401000000009     0.0599050905484
  9912.1936000000005     0.0599104505527
  9922.1520999999993     0.0599158072973
  9932.1155999999992     0.0599211640443
  9942.0840999999982     0.0599265175232
  9952.0576000000019     0.0599318710025
  9962.0361000000012     0.0599372244848
  9972.0195999999996     0.0599425746894
  9982.0080999999991     0.0599479248950
  9992.0015999999996     0.0599532751040
